57.6 57.8 45.9 18.0 47.1 47.6 75.2 64.3 9.0 90.0 97.4 39.6 71.7 66.6 72.9 53.2 47.6 63.5 89.0 94.6 45.8 71.6 47.3 4.3 90.0 55.4 53.5 68.6 58.5 17.2 70.2 88.5 68.4 50.4 64.1 71.1 80.8 74.0 58.4 58.5 36.7 50.4 71.8 18.7 54.5 10.3 88.5 48.2 5.1 44.7 29.9 68.5 46.0 16.2 35.9 77.0 98.3 74.5 44.4 57.4 90.8 3.6 80.8 53.2 31.4 68.1 11.2 68.9 92.8 59.2 49.5 39.2 39.8 72.7 7.7 49.3 31.4 38.7 90.4 88.6 72.7 86.5 17.4 94.9 16.6 42.7 80.3 95.7 46.9 88.3 81.5 75.4 66.7 7.4 56.5 69.5 68.9 18.2 74.4 76.3
30.4 5.1 92.9 44.6 35.4 4.5 45.8 33.8 79.9 17.6 79.1 4.3 59.1 78.2 68.8 22.2 97.7 24.2 68.9 80.2 89.2 49.3 26.8 48.8 53.4 67.8 85.0 82.6 28.1 42.9 2.5 92.9 27.6 52.2 80.2 93.5 11.6 10.2 39.4 3.9 8.6 90.2 33.0 19.6 63.8 49.4 16.6 10.4 53.2 56.4 1.9 3.2 83.2 56.9 96.0 71.7 11.7 29.9 44.6 51.0 25.8 67.0 7.1 27.4 45.2 85.5 48.4 25.8 26.8 16.6 45.0 51.0 78.9 90.7 91.9 35.8 78.3 5.1 65.1 39.3 69.4 99.2 22.4 82.5 29.5 17.0 79.6 6.5 57.1 2.4 84.2 74.1 62.0 40.2 17.7 49.4 56.7 74.8 43.0 73.5
65.3 69.3 26.4 80.8 72.0 94.6 76.2 87.5 56.7 75.1 15.9 6.2 72.5 47.9 22.1 18.9 67.4 40.7 39.3 71.7 77.1 61.4 93.1 92.4 22.5 93.8 7.4 82.5 31.2 90.9 42.2 82.3 9.3 76.0 99.8 77.3 94.7 68.8 6.9 90.8 78.2 86.2 12.3 22.8 95.6 64.9 38.3 96.3 36.3 98.2 82.7 20.7 97.4 58.3 17.1 37.0 27.1 70.6 15.3 8.9 87.9 88.3 4.5 29.3 39.8 47.9 19.1 45.9 71.4 23.8 42.0 74.4 11.7 64.4 61.0 21.4 30.9 15.9 30.0 75.9 14.8 3.4 40.4 0.4 27.7 54.9 59.5 55.4 60.3 42.5 53.2 76.6 89.7 65.0 76.5 65.2 32.3 62.4 39.1 61.6
2.3 40.6 89.0 40.4 95.5 22.0 43.1 64.1 35.3 16.5 83.5 3.8 31.8 28.5 53.8 70.0 59.6 34.6 84.4 13.5 8.9 42.5 72.7 20.9 93.5 28.8 60.5 88.8 52.4 70.8 10.5 31.4 44.0 39.4 22.5 59.5 66.9 32.4 59.3 93.6 93.7 13.2 34.9 91.6 6.6 8.4 93.0 41.0 84.1 91.0 31.2 31.6 37.9 94.8 89.6 15.9 64.4 56.2 71.5 56.8 55.1 20.4 21.4 47.4 11.8 26.3 27.8 19.1 29.1 64.1 55.9 43.8 49.0 24.8 5.8 21.5 38.2 66.1 86.6 26.2 39.9 47.3 52.2 25.2 59.2 44.7 69.7 43.4 44.7 98.7 84.0 4.1 29.7 7.9 5.4 51.2 96.5 83.1 86.9 77.9
86.2 79.8 16.5 53.4 26.5 82.5 13.1 17.6 38.2 1.6 97.8 17.1 69.3 29.5 3.1 41.3 26.6 86.1 54.9 67.5 92.0 93.3 14.5 65.3 6.5 33.4 46.9 21.9 10.1 87.1 47.0 88.3 57.9 2.8 44.4 27.4 45.7 27.9 16.4 82.3 37.7 36.4 33.4 12.8 68.2 35.6 25.0 54.6 23.5 39.6 15.8 87.9 29.7 7.3 66.6 74.4 21.1 19.7 18.2 64.2 89.8 14.2 42.0 0.6 34.0 1.5 26.5 36.1 60.3 46.3 10.6 73.5 19.9 84.5 41.9 62.1 90.9 66.5 60.1 23.1 38.6 51.7 48.6 39.0 95.5 83.7 45.1 36.9 3.9 28.1 67.2 32.1 28.5 96.8 24.9 44.6 98.0 27.7 55.0 45.7
34.5 94.0 43.4 80.3 64.1 90.0 33.0 84.2 82.6 7.1 10.8 50.3 14.7 83.2 36.2 24.3 65.4 95.1 62.8 40.9 28.9 78.3 57.9 57.5 39.2 38.5 18.8 83.7 81.2 14.8 60.8 98.7 73.2 70.5 58.9 59.0 13.4 55.3 14.9 6.6 76.3 51.6 14.6 63.3 84.9 15.6 8.7 82.9 84.7 11.6 68.7 10.4 36.8 20.3 3.1 99.7 63.0 30.9 13.1 58.2 34.9 40.7 68.6 94.3 15.9 18.7 57.9 10.2 37.8 35.7 3.6 44.3 52.5 40.2 88.9 74.7 82.7 13.2 43.1 55.1 30.6 56.8 61.2 70.4 67.8 50.3 42.9 11.5 54.3 8.8 34.2 62.2 48.9 46.9 25.8 94.9 31.2 12.8 22.8 71.4
52.8 12.9 42.7 36.8 3.6 8.0 35.4 20.1 93.2 52.0 46.3 31.2 10.5 35.5 83.5 98.4 63.1 56.2 49.9 43.4 22.5 92.5 60.2 98.5 13.3 3.7 94.4 46.2 61.5 82.0 47.6 93.7 65.1 78.3 76.0 53.8 24.6 23.3 46.7 33.7 22.9 34.0 62.7 6.3 79.2 92.4 59.1 68.6 0.6 66.9 74.8 78.3 18.6 71.1 28.4 63.9 30.2 1.7 82.2 62.0 90.6 80.5 62.1 34.1 71.2 65.6 79.8 35.8 39.7 30.8 21.7 79.3 86.5 13.3 1.4 14.0 94.1 93.3 82.8 93.1 51.4 89.2 2.0 39.9 46.6 71.7 15.2 10.7 10.1 64.2 78.6 5.0 78.1 46.2 62.8 75.0 43.5 79.1 91.5 36.5
19.1 60.5 21.5 70.0 34.0 68.7 91.8 13.0 93.6 49.9 66.3 84.7 78.2 35.7 87.2 24.4 61.4 3.9 99.6 44.8 14.6 72.6 17.4 43.6 45.0 60.2 84.4 42.5 28.8 37.3 94.3 48.0 2.0 11.7 98.5 91.0 14.5 22.6 68.2 54.6 56.8 67.8 6.4 74.8 69.9 20.8 91.9 35.7 0.9 98.9 47.3 87.8 44.2 90.9 75.3 15.8 57.0 35.9 6.8 65.4 58.3 38.8 10.5 44.6 67.7 49.0 13.6 35.3 27.1 90.7 90.3 18.1 8.7 23.4 46.7 14.6 65.2 76.8 86.0 87.3 2.4 55.3 93.6 36.1 75.0 41.9 93.6 91.5 9.2 38.8 90.1 85.9 59.9 13.5 8.3 36.7 69.4 31.2 20.5 86.5
16.0 18.6 9.3 66.7 12.2 28.0 52.8 87.1 38.1 77.9 8.8 33.6 87.5 0.4 94.1 43.0 44.3 21.3 31.4 45.1 63.2 9.0 27.2 70.5 12.8 3.4 4.4 76.1 34.6 51.2 45.0 0.1 62.5 87.0 91.0 78.3 43.3 23.8 20.6 24.2 23.9 89.9 11.0 62.0 77.0 62.7 54.4 24.2 1.6 38.4 9.8 58.3 15.1 4.5 89.0 42.7 96.1 87.4 92.7 80.9 34.0 10.8 18.9 80.5 44.6 67.9 83.5 59.8 84.1 64.6 63.1 49.1 81.5 39.5 65.7 89.9 26.8 33.0 36.7 40.3 42.7 51.3 25.3 37.1 42.0 52.5 76.8 37.6 84.1 89.8 66.8 23.8 43.0 1.3 82.4 38.5 67.4 58.7 62.9 30.9
15.1 30.2 46.6 25.7 80.5 35.0 10.3 23.8 51.4 86.6 29.7 17.8 76.5 39.9 31.9 91.7 19.5 42.7 28.6 2.0 93.6 61.5 83.9 86.5 23.9 32.1 56.3 66.7 53.5 71.2 94.8 77.2 29.2 6.5 67.5 23.2 43.0 5.7 49.5 21.6 20.8 92.9 49.4 96.4 30.8 14.6 75.5 14.2 14.3 64.5 80.3 93.7 26.6 50.0 43.4 45.2 8.3 63.5 4.1 96.4 62.1 81.8 24.2 70.4 57.8 51.2 93.4 17.3 82.8 30.3 44.7 79.3 15.6 26.2 22.8 81.2 81.3 90.8 88.8 8.9 42.4 55.2 68.1 41.8 31.3 95.9 23.2 7.4 75.0 28.0 43.0 56.6 17.5 23.7 23.9 19.1 53.3 25.3 84.8 67.3
52.8 16.8 92.9 82.2 83.5 98.2 5.2 60.8 7.6 21.9 76.5 22.2 91.6 11.2 54.5 46.0 37.3 82.7 36.7 68.3 35.2 4.1 60.9 69.7 71.3 1.6 84.5 2.0 38.3 84.7 56.4 77.8 87.5 10.3 99.3 62.4 79.2 12.5 88.0 29.8 16.3 47.8 98.3 84.9 7.5 24.6 78.7 54.9 22.6 57.1 46.1 84.5 50.1 41.6 88.7 2.4 55.2 88.0 44.5 21.1 63.5 21.0 9.5 69.1 18.8 50.4 11.3 79.5 66.9 97.6 69.5 94.5 63.1 85.0 56.8 33.5 18.2 90.9 7.9 3.3 6.9 63.4 56.1 22.8 94.7 82.0 88.2 18.6 10.0 51.5 90.0 1.5 17.0 17.5 80.4 90.8 58.7 29.7 93.9 66.7
98.3 75.9 2.9 71.6 7.5 34.9 55.4 29.0 45.6 35.2 9.5 97.2 82.6 63.1 30.0 34.7 47.5 25.9 97.7 39.0 2.7 65.6 86.5 29.0 94.1 1.1 38.5 49.3 9.4 66.6 0.2 90.1 30.0 77.3 11.9 20.9 80.7 69.8 63.3 73.3 9.3 23.3 86.5 6.4 59.1 31.4 10.7 38.7 75.6 77.0 32.1 88.5 92.3 28.8 85.8 15.7 81.4 18.6 59.0 14.0 64.4 18.6 9.6 57.9 30.0 81.9 17.3 53.7 74.0 34.6 81.9 26.2 26.4 58.4 5.3 12.5 40.5 10.8 38.5 58.6 42.1 65.7 87.4 53.3 25.6 43.7 24.3 22.3 92.6 38.3 82.1 26.2 20.1 12.2 6.0 61.7 72.7 75.8 47.7 20.9
25.8 9.5 20.5 97.9 88.8 50.3 24.8 44.5 85.2 36.0 43.8 71.6 12.4 49.8 73.0 99.7 44.7 32.3 7.3 45.7 0.4 68.7 18.3 34.3 96.4 16.9 34.9 68.7 52.1 16.8 69.5 26.4 92.6 88.8 16.8 12.0 30.4 58.2 70.0 97.1 3.7 59.0 54.0 64.6 54.6 22.5 69.4 64.3 46.8 66.0 9.2 5.8 19.4 23.4 78.0 5.2 76.7 91.9 30.1 6.7 75.0 10.6 80.4 16.5 69.5 4.0 23.2 91.4 79.3 66.4 98.8 14.6 93.0 27.4 81.3 17.6 17.4 62.0 56.6 94.1 5.2 71.2 88.0 8.8 77.5 98.6 94.6 80.2 41.5 44.8 89.0 96.7 85.0 59.7 72.4 43.4 26.1 5.9 27.1 89.5
31.6 31.6 44.7 96.5 44.3 29.4 29.1 66.9 91.5 62.8 99.6 32.7 90.9 73.9 21.3 81.5 40.6 33.9 41.4 44.3 83.4 91.8 66.4 3.2 92.1 64.8 70.9 90.0 4.6 41.9 17.3 45.2 58.2 35.2 22.1 40.5 62.7 98.9 42.7 54.2 21.8 86.7 19.1 78.5 43.1 42.3 72.5 89.3 85.4 25.8 91.2 18.2 85.4 97.1 55.3 30.2 64.7 76.8 35.3 95.9 55.8 3.5 96.2 73.7 91.8 58.3 34.3 87.8 79.6 53.9 84.2 22.7 2.6 44.0 41.3 89.5 48.5 19.0 70.6 71.9 81.8 53.9 10.7 67.9 46.8 44.3 94.4 53.1 64.3 39.8 46.3 49.0 10.4 38.9 37.9 3.7 37.6 79.3 69.7 75.1
12.0 70.5 51.1 73.6 19.3 31.2 66.3 17.1 86.3 78.3 58.5 59.3 79.2 77.0 84.4 52.9 27.6 67.8 9.7 52.1 73.4 90.4 39.2 98.3 11.9 70.5 41.2 61.4 90.1 26.9 31.1 13.3 7.0 4.5 77.2 55.9 3.6 39.5 92.1 24.6 67.8 23.9 76.9 54.7 76.7 22.2 76.3 25.1 71.6 98.9 53.2 32.4 64.7 75.9 97.9 92.6 93.9 22.0 41.7 72.2 61.4 48.0 71.2 60.2 96.3 53.0 35.8 75.8 27.1 8.3 10.2 43.2 75.3 34.4 75.3 42.9 49.4 14.4 6.5 56.3 58.6 3.8 32.6 99.6 11.5 70.0 95.3 83.4 51.3 9.1 76.9 99.4 6.1 62.8 53.9 70.2 19.2 42.1 71.4 89.9
59.1 28.2 27.3 28.6 30.0 61.1 92.6 31.7 17.5 32.9 88.5 56.6 72.6 12.5 83.9 39.5 73.5 96.5 38.9 95.6 96.5 29.7 65.7 52.3 49.7 0.5 27.7 63.3 34.6 54.7 94.1 21.7 17.7 68.0 53.1 67.1 61.1 82.0 7.5 80.0 88.8 64.5 91.1 80.8 31.9 31.7 64.6 63.6 33.1 7.0 22.4 83.6 77.1 3.8 0.9 2.7 64.7 17.5 41.9 54.5 2.6 41.8 3.2 66.7 65.1 61.1 30.3 84.4 93.8 67.2 95.3 37.8 76.7 82.6 85.2 1.6 35.0 54.3 27.4 29.8 92.1 49.8 63.7 53.1 35.2 60.0 33.2 69.3 12.1 1.4 8.0 70.4 94.2 68.3 56.4 97.5 57.5 95.0 15.0 22.7
18.8 94.3 1.8 94.8 50.1 55.6 27.6 70.6 87.2 55.2 10.1 55.4 65.6 8.4 91.4 64.3 65.5 86.9 7.0 73.2 64.5 68.5 86.4 70.5 85.9 1.6 28.4 4.6 11.6 54.0 24.2 97.7 49.8 85.4 24.1 90.9 40.4 71.2 45.4 99.4 86.8 52.9 37.2 42.5 28.5 92.2 52.2 31.5 11.4 91.0 67.2 71.1 21.5 88.2 96.5 44.8 62.4 57.6 58.6 80.3 56.8 72.8 29.0 62.2 13.2 75.8 59.0 37.7 58.1 58.6 13.0 86.5 10.4 53.3 41.7 74.2 12.1 12.1 71.9 20.2 32.4 39.4 51.0 2.3 30.5 16.7 76.1 52.6 98.7 50.0 58.3 31.2 60.7 58.0 32.3 55.1 92.8 19.3 66.0 95.1
52.7 89.9 37.3 76.4 84.9 46.3 13.2 32.5 53.9 41.3 3.7 70.2 13.5 27.6 34.2 53.3 8.8 25.7 56.0 41.0 28.7 36.1 68.6 71.8 34.2 23.7 8.2 11.8 56.1 3.5 72.2 17.4 57.3 12.9 6.3 83.9 15.6 99.6 16.8 14.5 64.0 69.0 43.1 28.6 1.5 14.2 61.0 43.3 90.4 31.7 74.0 2.3 63.7 75.9 0.4 91.7 66.0 6.2 60.3 4.1 66.2 18.1 16.4 87.0 90.9 22.3 36.9 73.3 44.8 76.8 33.4 64.4 40.2 38.0 18.5 8.6 60.1 29.0 44.9 66.1 18.5 72.4 4.8 53.8 67.9 69.1 70.4 83.5 6.5 0.3 72.1 72.6 66.6 17.1 17.5 15.3 80.9 37.0 30.1 92.8
74.9 55.8 48.3 12.0 78.8 21.6 93.2 63.1 24.3 42.7 95.8 36.8 85.5 74.0 21.8 33.1 42.2 67.3 33.0 6.2 53.4 16.6 78.5 84.4 38.1 14.1 56.0 30.9 28.2 70.8 3.7 70.9 36.5 53.3 15.3 37.0 4.4 99.4 60.6 50.4 55.5 31.5 3.3 57.2 67.8 64.5 39.0 57.0 71.8 81.0 7.3 1.2 74.8 94.7 51.9 11.0 19.9 42.3 31.9 64.0 34.8 63.8 63.5 92.3 91.7 79.2 67.4 50.0 52.1 38.0 98.5 83.2 43.3 63.1 90.1 41.6 65.7 46.4 69.0 20.3 77.0 82.5 82.6 63.6 74.4 81.3 31.1 27.6 16.3 72.5 30.6 29.5 70.3 45.3 21.4 87.3 51.7 57.6 21.2 17.8
10.4 3.1 58.8 28.9 82.6 32.1 91.4 42.2 4.1 50.0 44.9 94.6 86.6 70.6 89.7 84.0 80.0 65.8 38.0 14.0 26.1 82.8 78.7 54.9 2.9 85.6 20.3 15.7 3.5 29.8 22.8 44.2 99.5 99.2 93.7 38.9 96.5 58.3 33.9 42.7 90.8 45.9 70.9 75.1 83.9 34.2 6.4 80.9 83.0 21.3 78.8 7.5 17.0 62.1 1.0 3.3 67.4 57.1 1.4 8.3 50.8 83.8 79.7 28.7 67.9 82.5 87.0 60.3 76.6 83.3 81.1 40.4 36.2 17.8 72.7 96.5 3.4 6.2 76.8 73.8 96.2 98.6 81.2 6.6 15.7 88.9 29.0 80.3 53.2 50.2 68.6 2.8 3.8 72.5 1.8 24.8 31.0 68.2 67.4 50.9
61.6 79.3 17.6 6.9 18.9 52.1 61.7 92.5 29.5 85.1 91.7 31.3 45.0 19.0 0.9 72.7 70.4 52.2 42.1 95.8 46.7 27.7 30.9 63.1 51.4 12.4 53.9 32.4 78.9 77.8 16.7 38.9 31.6 29.3 39.2 75.3 20.2 21.4 43.8 64.3 59.0 22.9 71.3 78.4 94.8 26.6 64.9 48.3 95.3 61.1 16.6 38.5 3.5 73.3 70.8 16.1 44.6 75.0 17.2 87.0 88.7 41.3 86.3 14.8 34.6 88.9 5.1 29.7 60.0 48.7 72.0 1.4 26.6 60.1 90.6 38.5 4.4 41.9 37.7 41.9 2.3 51.7 34.3 22.7 62.4 74.1 63.9 0.6 25.7 16.0 23.3 48.4 17.9 66.0 66.7 28.8 44.5 29.6 69.0 39.7
3.2 25.6 68.3 5.5 93.4 16.8 29.0 44.1 1.7 98.1 96.4 73.9 6.1 44.8 53.1 91.8 35.7 27.8 93.5 6.6 55.2 14.7 91.2 18.5 43.7 76.2 63.7 38.3 73.9 61.9 74.3 32.5 75.4 81.6 36.5 90.7 58.5 95.1 39.4 20.0 94.5 56.5 2.9 87.4 5.2 42.2 87.2 95.7 75.6 7.2 96.6 51.9 71.9 59.2 80.9 92.4 71.0 16.0 24.9 86.6 5.3 69.5 82.2 98.7 1.8 70.9 30.7 24.7 15.9 92.1 68.0 3.1 17.1 56.1 54.4 35.4 81.4 70.0 25.3 14.9 88.1 9.6 59.9 32.8 61.1 60.6 50.7 41.8 56.9 38.6 4.3 37.4 38.0 73.0 57.1 16.3 17.9 48.7 62.7 11.0
25.3 53.4 81.9 35.0 31.5 64.5 13.8 67.2 32.8 48.7 96.9 21.2 39.6 95.0 83.5 58.8 8.2 50.3 93.6 79.4 57.8 98.8 7.1 86.7 85.3 4.1 56.6 41.3 98.7 63.5 21.7 49.6 23.5 27.2 19.5 52.6 53.8 87.7 26.1 0.1 71.5 90.5 56.3 62.5 6.3 65.3 65.3 79.9 46.8 35.1 79.6 0.6 38.4 49.4 77.1 34.6 40.6 6.0 9.6 29.7 34.9 72.9 37.1 65.1 30.0 37.9 23.4 41.0 58.7 59.0 83.1 57.9 18.2 69.1 37.2 89.7 54.6 5.5 92.8 46.2 65.2 46.1 14.5 97.7 81.1 8.2 3.8 82.9 4.8 17.5 90.3 71.8 98.4 21.2 37.6 18.9 5.7 7.7 24.3 94.6
45.2 62.6 39.1 20.4 75.7 64.4 92.3 52.9 25.5 24.1 29.2 67.1 50.0 60.5 17.7 67.5 47.9 92.6 75.0 57.6 60.1 61.5 70.2 3.1 17.2 1.0 15.3 90.8 72.3 20.9 23.0 79.6 90.9 59.7 56.6 27.0 51.0 68.9 23.7 86.0 93.7 65.6 28.7 93.5 21.4 15.5 53.3 94.3 18.9 69.4 29.7 61.2 30.0 62.4 91.0 66.6 82.5 4.0 39.1 87.0 60.8 72.0 14.0 15.4 23.1 49.6 86.1 17.2 49.0 47.6 6.2 41.5 6.1 27.9 26.7 94.7 17.2 69.0 75.3 87.3 18.4 53.6 0.2 17.5 95.2 9.6 6.0 58.1 52.3 30.1 20.1 1.1 58.9 19.0 90.8 94.2 47.3 88.2 6.4 86.2
3.3 50.6 97.1 76.4 33.9 6.9 24.8 80.5 27.1 48.4 78.0 54.1 86.8 10.1 30.8 89.8 38.3 48.9 77.1 93.7 49.1 17.1 43.1 47.6 82.1 2.1 38.3 39.7 88.6 46.3 35.6 20.3 91.7 60.6 36.6 57.4 61.8 60.9 99.7 49.1 2.5 80.1 43.6 28.0 30.3 28.7 93.4 65.1 42.7 24.1 28.5 18.8 6.9 60.2 75.9 60.0 70.6 99.6 51.5 98.1 16.6 8.7 91.5 90.8 24.6 71.0 66.3 67.1 35.3 44.0 44.4 3.8 92.7 17.1 55.0 26.4 8.3 64.3 21.0 1.4 25.3 50.3 56.3 95.5 87.7 41.1 77.1 12.3 54.1 6.8 93.9 55.9 65.6 27.5 50.5 56.4 21.7 9.8 60.3 42.6
61.1 45.7 61.2 24.1 98.2 46.7 77.7 99.1 8.1 47.3 70.5 57.7 87.2 18.5 67.2 99.2 61.6 0.8 44.4 35.0 88.1 68.7 44.9 72.6 62.0 10.9 46.3 31.5 86.3 90.7 73.8 40.2 35.5 95.6 19.1 36.4 24.3 19.3 32.9 8.2 26.6 89.8 50.6 98.0 41.5 56.4 96.8 37.6 76.8 43.6 26.7 86.1 43.8 14.9 53.2 73.0 33.6 34.1 51.9 5.9 35.4 76.7 39.2 5.4 62.2 5.0 13.9 43.8 92.1 48.1 38.9 88.3 61.3 54.3 0.5 59.0 42.9 53.6 45.6 59.4 10.4 55.2 84.3 13.8 51.2 84.0 63.2 4.2 15.7 19.4 22.1 41.0 13.5 24.0 19.6 79.2 38.1 6.5 87.6 49.2
13.1 73.6 51.9 22.7 26.7 49.5 7.7 21.3 75.2 92.9 81.4 46.3 71.0 45.3 96.1 70.4 77.8 54.1 77.5 90.8 89.9 75.9 9.6 72.3 47.1 8.9 15.8 59.8 1.0 24.5 65.2 14.8 11.0 68.9 23.4 70.0 94.7 64.6 69.5 38.7 93.6 42.9 48.4 60.3 56.7 67.0 50.0 42.4 14.8 32.7 68.6 69.6 98.9 75.4 13.5 91.1 50.2 35.1 41.2 54.9 66.7 45.4 7.9 82.9 53.3 70.8 79.6 10.8 86.2 29.8 20.4 5.2 17.1 0.2 69.6 71.0 76.8 4.1 73.7 38.0 62.2 93.5 23.6 51.0 71.3 42.4 56.7 95.9 12.3 3.1 70.7 9.6 32.9 78.4 5.5 51.4 2.0 18.4 90.7 17.1
40.1 63.7 36.1 38.0 82.6 95.1 76.1 97.7 72.3 69.9 56.5 82.1 22.7 55.2 57.4 88.9 82.3 15.2 33.1 97.5 56.7 96.1 8.7 18.7 9.3 30.1 51.6 80.5 40.6 11.5 16.6 12.7 45.6 73.0 35.8 43.1 94.7 2.5 81.9 62.3 78.2 22.2 22.3 15.0 61.4 4.8 64.7 19.0 0.4 7.2 81.4 94.2 23.4 71.3 99.6 7.1 51.7 12.6 26.7 84.3 98.8 0.6 78.6 24.8 45.4 11.6 16.4 99.1 79.5 92.3 94.3 41.8 45.8 12.0 37.7 53.4 53.1 41.6 32.3 43.8 47.6 13.9 18.1 98.6 77.9 55.2 42.7 53.3 82.7 72.1 0.7 94.5 67.4 3.7 65.4 83.9 92.3 4.4 81.9 25.8
69.9 47.9 10.3 44.1 24.7 29.9 91.5 46.0 66.2 76.8 76.0 53.7 60.9 96.0 5.7 15.1 78.4 73.1 98.5 13.1 83.8 33.3 20.8 45.9 99.8 33.0 97.6 18.2 77.4 13.5 76.5 46.2 37.3 79.9 99.5 7.1 63.1 74.3 17.8 68.1 34.0 74.1 33.1 66.7 28.6 50.7 31.1 30.1 47.4 86.6 35.0 87.4 64.5 36.9 20.7 48.1 58.4 12.8 92.8 51.3 58.7 14.5 12.2 71.4 81.0 59.5 12.0 30.9 29.6 23.2 13.4 15.5 26.9 92.6 59.3 59.3 54.6 59.2 49.4 73.6 53.8 47.8 36.4 84.8 15.8 30.9 26.0 79.9 46.4 46.0 11.3 29.9 25.7 48.0 73.7 55.5 59.9 39.0 19.3 61.5
16.3 49.2 83.5 61.3 77.5 97.6 56.3 58.3 38.3 74.4 37.9 25.8 94.1 92.6 4.0 72.1 27.9 16.2 8.5 84.5 46.7 19.1 33.4 99.3 33.8 96.0 0.4 93.9 61.6 73.6 2.1 58.2 51.5 11.9 43.6 73.6 97.7 46.7 52.2 76.6 29.9 92.7 81.3 25.7 41.4 85.7 9.0 38.4 4.3 29.8 37.8 89.0 19.4 99.4 85.0 7.3 32.9 37.7 33.5 94.4 87.8 9.2 88.6 22.9 64.8 98.8 93.6 20.5 4.9 39.8 77.8 98.3 16.2 34.4 60.5 21.5 31.2 87.0 39.5 9.7 0.8 45.9 99.2 4.9 46.2 9.5 33.9 16.8 16.6 71.9 84.9 64.4 96.3 39.0 41.7 27.3 78.1 46.9 43.9 73.4
6.7 81.8 23.9 29.4 25.3 96.6 82.3 96.0 18.0 8.1 32.2 0.3 21.8 74.8 77.0 8.5 41.0 21.1 53.9 2.8 59.0 35.9 16.3 23.4 81.3 53.2 8.0 46.8 53.7 57.3 65.6 18.5 29.0 37.1 67.8 86.6 3.3 62.0 9.0 90.9 7.0 41.6 40.3 7.8 32.4 2.8 28.6 39.1 51.6 63.3 25.9 76.9 40.1 29.1 41.0 25.1 41.6 75.9 54.3 23.1 88.4 74.9 4.1 36.5 73.3 63.5 25.0 94.4 88.4 41.1 31.3 97.9 90.7 13.1 43.9 19.7 12.5 89.5 78.8 81.2 2.6 9.4 18.4 56.8 32.0 37.8 86.1 55.9 63.8 2.7 56.1 1.4 62.8 56.4 94.0 2.8 32.6 86.8 48.8 79.8
32.8 62.0 51.5 0.0 51.5 81.0 49.6 42.1 25.8 54.7 78.5 56.1 6.2 1.2 90.3 88.6 53.3 69.7 54.4 65.9 4.3 48.7 15.1 59.5 37.8 66.0 3.7 77.0 85.6 31.4 49.2 23.3 63.4 89.5 29.7 13.8 42.9 34.2 51.0 33.2 11.6 5.4 86.7 98.8 39.7 42.1 45.2 63.1 34.0 3.3 97.0 9.2 80.8 61.0 82.5 82.6 78.7 14.9 39.1 45.5 47.8 43.2 14.9 26.3 87.6 79.9 8.9 44.6 15.6 78.9 50.0 52.0 28.7 48.0 33.5 31.6 96.3 27.3 20.2 97.2 93.0 51.6 16.8 30.2 13.8 94.9 17.8 41.6 25.5 65.6 16.2 40.2 54.7 10.6 34.1 76.6 72.6 6.0 53.9 84.6
86.3 78.8 53.2 93.2 45.4 9.7 87.5 64.7 40.2 18.8 59.2 88.8 63.1 32.6 88.4 66.5 50.2 18.5 70.5 91.8 92.5 98.0 8.9 95.2 93.9 10.1 76.0 35.7 38.3 86.4 56.2 59.4 63.6 44.1 16.6 95.9 51.7 42.1 86.8 51.1 6.1 18.8 94.4 90.3 66.9 91.0 85.0 24.2 40.4 72.5 4.5 88.9 22.5 48.6 16.7 46.1 58.9 50.4 80.3 66.2 7.8 2.5 91.7 4.9 74.1 39.9 80.6 18.6 33.9 57.4 67.8 21.5 45.0 65.0 52.7 70.1 21.1 69.1 19.0 96.4 6.6 88.4 53.2 56.3 70.7 0.1 7.3 50.0 72.2 18.9 4.8 7.6 84.8 64.4 11.4 60.5 55.7 28.0 15.7 23.5
57.9 32.0 54.9 20.2 4.7 5.8 91.9 55.9 26.2 88.4 24.3 59.7 37.5 69.4 51.9 31.6 73.7 68.6 69.5 2.9 36.3 25.9 62.9 38.0 2.4 36.3 37.9 55.5 88.6 57.2 15.3 68.2 40.9 66.2 92.4 96.4 44.6 16.4 16.3 33.8 19.7 39.9 31.6 80.4 6.3 96.9 62.6 76.8 76.3 81.2 23.5 46.5 49.4 68.8 19.6 46.7 84.0 80.1 73.7 37.6 88.8 0.7 66.0 98.6 73.0 39.5 42.6 11.2 39.7 24.6 71.1 64.8 60.9 1.8 63.8 75.7 91.9 39.6 94.8 5.2 0.0 62.7 2.7 8.5 38.6 88.0 7.0 39.3 48.9 57.6 19.1 62.4 26.7 78.0 18.7 94.9 28.3 57.8 17.8 56.3
27.8 86.2 87.7 87.1 21.1 62.3 39.4 2.9 88.9 3.3 3.8 67.2 49.9 1.7 65.1 59.8 38.8 63.1 31.8 7.4 11.8 17.3 74.2 96.7 52.1 95.1 41.7 6.9 23.6 17.9 7.6 0.5 0.8 23.5 48.5 48.5 75.8 77.7 5.6 33.3 17.2 41.7 55.0 57.6 35.2 5.5 77.4 21.9 26.1 82.2 48.1 15.2 33.2 11.8 24.6 47.6 88.2 25.0 8.7 45.5 95.6 64.1 24.9 73.8 47.8 80.8 96.7 46.9 2.5 11.7 26.4 3.7 15.7 12.4 38.3 92.1 84.1 27.0 86.8 38.7 71.0 77.8 11.3 36.2 99.4 27.4 78.5 1.0 79.5 71.5 31.0 89.2 97.8 85.2 1.6 0.8 22.2 19.2 24.8 58.4
92.8 26.3 4.2 85.6 94.5 94.7 7.3 55.2 22.5 69.0 83.6 56.0 86.2 84.9 17.7 33.7 98.3 16.6 94.3 70.9 88.6 18.0 8.6 79.8 95.5 2.1 48.5 78.1 21.7 65.2 49.5 23.6 84.2 36.0 42.0 7.9 81.3 67.6 24.1 45.2 70.5 8.0 67.1 86.9 96.3 76.8 47.4 63.8 80.5 31.1 58.9 29.1 85.9 84.2 48.4 61.7 27.7 71.4 18.2 51.7 13.2 4.3 53.3 95.8 34.7 77.4 62.0 63.3 73.2 92.5 44.4 52.8 19.4 63.5 73.4 31.4 80.3 91.9 16.3 92.8 67.3 70.9 91.1 85.0 9.9 27.8 16.1 61.4 49.9 65.9 20.2 22.4 76.1 5.3 68.4 79.3 44.8 94.7 98.1 89.7
84.0 49.3 38.6 71.4 22.9 22.8 70.7 78.6 51.5 61.4 2.8 11.2 4.4 58.4 93.7 16.1 94.6 46.9 53.7 76.4 68.0 62.9 44.8 95.5 14.9 58.6 98.5 67.9 40.6 63.4 80.8 9.0 92.9 3.4 50.8 72.5 64.0 98.7 50.9 87.6 62.1 56.2 77.3 23.8 97.2 76.2 20.9 3.9 60.4 5.4 28.4 14.8 49.7 55.8 14.3 36.2 77.9 3.7 32.8 99.2 5.0 21.9 56.9 57.0 60.9 13.2 70.6 72.6 13.1 43.4 4.9 97.2 28.5 8.3 79.6 12.3 7.9 77.3 77.0 73.7 99.4 53.9 31.1 82.3 10.3 78.4 50.4 24.9 61.2 93.4 36.3 15.1 38.7 86.6 66.1 26.7 40.1 72.2 52.1 53.9
71.3 57.7 23.4 92.6 17.8 15.1 1.5 43.6 96.8 93.5 35.3 76.4 12.5 4.0 95.1 2.3 88.4 67.9 90.7 48.8 82.0 50.8 64.1 77.9 2.0 75.2 56.9 32.4 45.6 12.4 94.7 96.6 72.9 92.2 14.0 94.0 94.2 98.4 90.8 50.9 26.7 96.7 18.3 57.2 70.4 39.7 88.0 64.3 17.3 21.8 79.6 36.5 13.3 14.1 75.2 37.0 2.8 14.0 90.5 93.5 86.3 66.5 22.3 52.3 35.5 80.3 87.7 2.0 17.9 6.4 41.7 8.7 61.8 87.8 40.9 49.8 67.1 84.0 96.7 28.9 95.7 95.0 50.6 89.9 78.8 5.2 37.0 57.2 86.4 69.3 1.3 30.2 64.3 75.4 17.9 25.2 60.4 59.1 6.8 39.7
33.8 23.0 80.2 91.3 91.2 31.2 1.9 33.2 69.1 74.4 80.6 96.6 85.6 71.6 57.8 21.8 19.3 49.8 87.3 35.8 38.9 24.3 37.8 55.8 57.6 14.9 25.7 37.8 2.7 79.4 83.6 94.2 15.1 44.2 98.2 60.3 86.3 7.6 27.2 3.7 66.2 71.9 44.3 39.8 69.3 48.0 77.8 82.4 83.3 68.9 76.4 74.8 54.3 37.2 63.2 68.5 83.6 60.4 53.5 69.4 67.4 20.8 52.0 55.3 8.5 79.1 72.6 51.6 67.0 55.1 60.6 83.6 23.9 55.8 81.8 53.1 94.5 71.4 75.7 95.5 13.4 13.8 12.5 42.1 12.1 14.0 56.7 67.8 30.4 18.6 41.3 80.7 79.2 98.5 66.3 91.8 50.0 46.1 52.0 60.8
79.9 82.5 29.6 99.6 98.8 12.2 75.8 8.1 28.5 96.2 95.1 46.1 50.0 44.1 77.6 90.5 2.7 86.3 30.9 58.3 47.3 10.3 70.6 35.8 80.6 18.7 25.7 4.4 97.8 71.0 8.4 23.6 52.9 28.5 90.5 69.9 90.9 80.7 78.2 38.9 9.6 28.3 45.9 87.6 82.2 3.8 11.7 85.2 97.8 14.6 56.5 47.4 99.0 72.1 5.0 9.6 67.2 59.0 31.0 37.5 8.2 46.7 43.0 5.3 71.0 79.9 36.5 35.3 80.4 85.9 41.3 93.9 92.9 32.6 11.8 74.8 59.4 4.6 89.2 78.5 98.7 71.6 56.6 39.9 19.9 38.4 75.7 31.5 97.1 67.3 1.2 67.0 62.3 34.6 39.2 48.4 44.9 73.5 13.9 45.5
44.3 4.3 23.9 84.2 72.7 5.6 39.0 1.8 3.4 17.5 35.5 87.5 74.4 82.3 40.4 32.8 71.1 92.7 7.0 58.9 54.6 38.7 0.8 79.6 86.7 39.6 66.0 92.1 73.3 60.6 44.3 49.7 52.5 29.0 93.9 72.5 60.9 22.4 52.1 85.2 36.7 72.8 91.8 11.0 85.5 2.5 53.1 14.6 65.9 32.3 30.3 85.0 64.9 42.2 74.1 38.3 79.2 99.5 34.3 5.3 85.1 89.1 64.1 29.8 51.1 14.6 63.3 20.4 4.7 6.1 16.2 0.2 3.1 53.4 42.2 57.9 92.9 68.8 84.4 92.7 65.3 18.6 59.1 41.3 21.6 4.8 71.3 78.4 39.7 2.9 18.2 79.8 55.6 43.1 67.5 92.2 24.3 70.6 21.9 5.1
24.7 18.1 42.1 98.7 45.5 63.9 2.1 77.3 30.5 46.7 70.5 29.5 2.4 88.5 14.6 5.8 82.9 44.6 94.8 99.1 89.3 81.0 42.7 25.4 43.1 52.1 71.4 44.4 12.2 96.1 96.1 91.0 4.9 56.9 33.9 55.6 73.3 23.4 40.7 55.3 4.8 27.5 15.8 28.5 23.4 91.5 33.0 99.1 12.3 94.4 72.0 89.5 50.3 79.2 32.8 64.8 76.8 53.4 33.5 52.5 36.1 40.2 19.0 73.7 51.4 97.7 99.3 87.3 21.2 37.1 45.3 79.7 68.6 91.7 11.8 17.7 62.0 32.5 46.5 37.6 41.4 65.2 28.0 75.0 35.8 39.8 5.7 85.2 38.0 74.2 96.5 39.5 72.2 89.0 70.5 10.5 33.4 52.5 51.7 46.8
30.2 27.5 25.4 69.3 15.3 6.2 47.3 19.7 62.3 97.1 28.2 45.6 96.8 47.6 62.5 16.8 48.4 6.4 8.9 96.7 37.0 66.5 22.3 14.2 83.9 86.8 6.2 59.0 38.5 23.3 88.8 93.0 0.9 17.4 60.4 49.9 30.5 40.7 7.8 63.7 20.3 23.8 67.2 74.6 74.5 44.1 36.8 93.6 36.4 19.2 44.4 1.2 9.7 81.3 8.1 78.7 93.3 5.4 50.9 55.2 7.7 94.7 39.3 31.6 7.5 25.8 44.2 1.1 1.8 25.8 24.9 5.2 83.4 42.8 68.3 23.0 92.4 16.4 23.9 10.0 12.9 68.8 43.5 95.1 50.8 43.3 62.3 71.7 4.0 39.9 15.9 86.6 28.2 9.5 95.7 1.2 97.9 60.6 12.9 51.5
73.6 38.9 82.4 69.8 77.3 34.5 61.8 35.9 63.8 40.8 49.8 81.6 9.9 36.0 87.1 39.7 0.9 94.6 82.8 84.2 30.5 87.7 77.1 60.1 72.8 88.2 62.4 9.6 73.3 11.6 54.8 73.9 51.5 87.7 28.6 94.7 66.6 60.1 43.8 34.6 20.2 43.1 18.8 38.5 52.9 14.4 94.4 47.9 32.1 34.6 79.7 55.9 39.2 19.4 15.4 47.1 91.2 89.8 89.9 7.1 82.3 71.0 58.6 73.9 81.6 47.5 66.7 26.8 34.9 26.4 22.0 43.6 72.4 68.6 44.5 4.0 58.6 53.3 14.8 21.1 91.7 92.8 79.9 94.7 60.9 15.5 67.7 85.2 66.2 57.4 3.9 26.4 35.0 86.4 35.4 88.8 97.9 73.9 3.6 78.0
16.5 55.5 66.6 54.3 16.2 36.3 43.5 31.0 50.2 86.4 37.7 2.9 28.4 50.0 67.2 46.4 76.7 66.1 62.4 31.4 85.0 94.6 14.0 9.6 52.6 61.2 94.6 44.5 40.1 66.7 70.9 30.7 74.4 47.7 57.3 69.2 48.8 65.9 96.4 48.3 48.4 59.5 0.3 25.7 87.2 36.5 53.1 2.9 51.8 56.8 60.2 30.4 42.4 4.0 99.1 34.5 80.2 22.4 87.1 64.3 18.4 69.4 64.7 29.2 53.1 27.0 57.0 34.2 13.5 66.8 33.8 5.3 73.3 47.0 98.6 2.1 15.0 36.4 58.3 7.5 9.0 22.3 7.3 15.4 61.8 95.5 43.4 41.0 62.2 23.7 49.6 77.8 10.6 21.8 71.4 41.3 97.6 45.7 79.4 56.0
12.6 31.2 16.9 45.8 14.2 65.0 80.9 12.0 67.7 91.9 37.1 12.3 49.9 77.4 61.5 63.5 13.9 95.3 20.9 5.7 85.9 15.6 36.5 27.0 47.5 12.1 29.6 82.8 60.3 79.9 33.3 78.6 3.7 5.4 71.4 67.5 32.8 77.7 50.3 24.7 14.5 11.4 49.1 82.2 79.8 24.1 69.9 42.1 26.3 62.4 18.1 66.8 64.6 87.1 47.4 89.9 43.5 50.6 2.5 39.9 2.2 41.5 35.5 32.3 79.9 85.7 41.9 45.8 58.0 63.8 42.7 96.5 56.1 76.7 81.5 69.1 95.5 15.4 25.3 65.4 54.0 98.1 71.8 99.6 52.9 59.9 65.0 54.6 53.5 15.6 27.6 75.1 51.1 96.9 30.0 51.5 94.2 92.6 30.8 6.1
27.6 86.0 35.6 7.3 91.6 82.8 73.2 29.7 69.9 47.8 27.6 10.6 79.7 8.2 54.0 42.4 98.5 98.0 91.9 28.7 66.6 4.4 92.3 31.8 88.6 15.8 71.9 16.4 71.6 34.9 4.3 71.3 39.0 46.8 94.0 18.0 60.4 64.7 15.4 73.2 37.5 98.1 93.0 26.1 46.6 3.5 28.8 19.9 15.0 22.0 34.7 72.4 48.8 3.3 83.1 30.0 21.8 17.0 95.8 82.5 60.7 27.2 2.3 17.5 63.7 52.1 86.1 70.9 34.8 1.3 69.1 31.0 49.0 5.1 77.0 66.2 74.1 71.4 12.3 27.1 5.9 52.3 68.9 31.4 33.5 19.8 76.7 53.0 81.3 30.2 31.2 21.2 37.3 29.2 22.4 69.2 18.2 30.6 46.1 26.8
93.9 70.0 50.3 27.7 33.8 16.7 95.2 74.9 50.5 41.3 12.8 93.6 8.6 53.7 91.8 16.5 65.7 61.8 10.5 25.8 5.0 51.8 35.0 35.8 21.6 39.0 59.9 41.8 46.9 47.9 11.3 7.9 28.5 37.9 95.2 45.8 29.0 59.9 94.5 86.9 36.0 34.1 20.7 7.8 10.3 29.2 19.8 41.5 57.5 81.5 83.2 28.5 58.0 33.8 79.4 78.1 7.6 18.6 7.3 22.1 13.4 86.2 41.1 72.2 89.3 22.5 87.0 85.2 86.8 63.2 42.9 85.1 28.5 94.3 40.5 5.7 84.4 18.0 65.7 4.8 28.1 6.5 12.8 23.5 94.5 46.7 84.6 47.0 82.6 4.5 46.5 83.9 76.3 49.5 6.2 18.9 58.3 49.2 33.0 98.0
22.6 39.2 14.6 60.6 51.6 61.3 18.3 9.0 39.0 99.5 61.5 66.3 3.6 14.6 9.0 6.5 44.6 34.1 94.2 85.8 98.4 19.3 45.0 60.3 78.6 76.4 90.2 55.9 26.5 14.6 2.9 81.7 83.1 1.0 53.6 76.9 96.9 26.6 46.0 80.3 64.2 58.3 17.0 46.7 7.6 77.4 74.4 21.4 72.0 53.9 8.2 35.2 25.7 36.7 48.3 32.2 34.3 68.1 44.2 78.7 51.0 53.7 90.4 65.4 85.4 44.0 23.1 42.6 59.2 68.6 4.9 59.0 22.3 92.6 63.4 27.8 5.9 90.8 92.9 62.8 59.1 15.1 19.0 54.1 35.9 70.1 4.7 24.6 2.7 52.3 66.9 65.8 8.2 5.7 13.6 20.8 38.0 96.0 40.7 55.2
96.1 19.7 41.2 37.5 40.7 87.8 8.9 74.7 61.9 35.5 74.6 37.6 53.2 6.3 7.4 25.6 23.1 16.6 17.4 29.8 6.3 81.2 32.9 32.3 44.1 90.4 17.5 54.3 80.9 41.2 83.3 94.5 73.3 49.5 76.3 44.1 66.6 12.5 21.7 59.0 31.6 31.5 61.8 43.2 55.5 6.9 33.0 18.4 56.8 86.8 47.6 46.1 64.8 93.8 62.7 72.7 66.1 70.0 38.7 47.6 50.5 8.3 21.3 75.4 60.6 4.3 29.1 3.1 30.8 24.0 44.8 5.6 38.8 10.0 14.3 59.2 21.8 63.3 55.7 33.1 55.4 53.9 62.7 64.4 16.0 53.9 78.0 34.3 45.8 58.6 45.0 39.8 65.1 4.0 57.9 81.5 23.3 7.9 1.5 71.8
61.4 98.7 16.9 81.3 4.4 85.7 8.5 3.2 8.7 8.1 79.8 64.1 25.2 70.6 43.4 26.7 11.8 42.0 59.4 64.1 4.2 30.4 87.6 71.4 92.5 95.7 49.7 37.7 36.4 80.2 33.7 9.6 13.5 17.1 18.6 23.6 59.0 41.0 98.1 78.9 29.9 17.6 37.0 27.1 43.6 32.8 87.5 70.8 48.3 54.4 11.2 6.2 50.7 33.5 74.4 17.4 15.0 9.7 88.7 81.1 1.8 98.1 51.7 27.0 93.9 14.1 10.7 16.4 24.9 53.8 67.7 78.4 26.9 3.5 14.2 28.7 1.5 34.0 32.8 33.7 96.3 54.8 1.9 4.3 8.7 32.4 23.9 22.0 79.9 80.3 46.6 13.4 26.0 23.2 27.6 11.2 26.7 38.7 45.3 15.4
18.0 25.1 80.0 0.6 27.0 27.5 16.8 69.2 76.2 84.0 53.5 72.2 73.2 65.7 48.6 68.9 85.1 11.2 49.8 75.2 99.5 84.4 86.9 94.8 17.6 42.5 97.0 21.8 20.8 47.8 94.0 90.0 16.0 30.0 40.2 56.3 50.4 76.2 9.1 83.5 96.7 62.4 50.5 16.8 76.9 39.1 52.0 38.7 37.0 0.9 28.3 98.0 90.0 93.3 20.0 48.7 97.3 38.7 28.9 42.0 17.2 58.9 4.6 41.8 19.9 0.4 67.9 46.6 63.3 85.7 78.6 47.5 74.7 98.8 23.2 87.7 49.1 71.1 96.6 70.8 6.9 41.5 48.4 3.6 89.6 31.6 25.6 70.6 51.3 11.2 44.1 45.3 48.6 4.1 45.1 13.5 22.2 86.3 89.1 44.8
26.0 4.7 49.7 77.6 23.2 1.3 40.9 44.1 93.6 0.8 26.7 82.4 40.3 76.2 9.0 0.1 7.9 66.0 30.2 66.5 88.1 72.1 5.3 65.3 21.3 8.5 57.3 12.9 80.0 0.0 24.1 20.6 76.6 64.9 53.8 75.4 95.8 94.6 85.3 46.7 35.9 91.2 49.3 47.3 32.0 71.7 38.6 72.8 42.0 11.8 85.5 11.8 14.1 22.7 85.6 49.3 32.8 34.7 13.0 70.7 92.1 62.0 55.9 40.7 9.9 23.9 70.0 99.1 51.9 97.4 24.3 38.6 53.5 15.3 15.9 6.8 52.8 90.0 66.9 0.4 32.0 39.5 27.4 40.4 59.0 73.3 56.2 86.3 11.8 44.2 7.2 9.4 66.9 33.1 58.2 53.6 24.9 32.0 41.5 24.2
18.7 48.8 8.0 53.2 98.8 6.8 72.4 85.4 4.2 13.4 17.6 1.5 76.4 48.6 99.5 1.5 70.5 14.9 65.0 46.2 18.5 25.1 77.0 84.8 40.4 17.9 92.2 19.1 54.0 43.8 71.1 13.7 24.5 63.2 9.9 51.3 17.2 30.7 78.2 73.3 67.7 34.1 11.7 61.1 57.9 83.7 9.6 38.2 25.4 74.6 77.1 47.1 22.4 54.6 52.2 87.3 46.7 81.7 98.5 74.5 73.0 6.5 80.5 35.4 92.4 62.8 59.8 18.9 94.7 74.8 84.3 83.2 34.7 98.1 38.8 7.4 55.3 64.5 68.7 60.3 53.6 22.7 36.4 82.1 29.3 41.8 41.5 83.6 58.1 20.0 31.6 39.7 86.2 58.7 11.5 97.9 90.5 89.1 63.4 22.7
2.4 57.0 49.7 56.6 39.7 62.5 26.0 93.5 27.3 50.9 49.5 2.5 52.7 4.7 23.9 24.4 53.4 1.6 93.9 30.8 28.1 96.6 13.1 42.0 10.5 90.5 54.5 74.5 90.6 53.2 66.5 88.8 26.8 45.7 82.2 77.4 4.1 46.5 51.3 80.9 89.2 75.8 44.3 15.2 21.1 84.0 66.7 77.9 88.8 39.3 29.4 99.3 30.4 12.1 79.2 87.6 12.2 13.2 84.1 50.9 39.8 90.3 11.9 57.0 37.3 43.3 13.8 45.2 7.2 35.5 62.3 85.7 14.1 82.6 87.3 81.0 58.3 50.1 57.1 38.2 39.5 55.6 62.2 3.2 77.8 91.3 93.1 74.2 4.8 23.7 52.5 38.9 22.2 71.2 65.5 32.1 34.1 99.1 5.4 1.1
10.3 15.7 94.1 93.9 12.2 38.6 12.9 94.5 67.4 6.7 20.7 0.6 66.2 55.8 52.5 24.3 38.4 34.4 55.8 98.2 60.7 39.2 74.5 43.2 77.7 91.7 82.7 74.8 61.7 91.7 80.1 77.9 58.2 51.5 21.8 9.3 69.4 55.3 97.5 12.9 69.1 91.9 16.6 3.8 25.6 64.9 22.7 10.6 84.2 61.0 14.5 49.3 5.1 93.1 13.0 61.8 16.3 61.6 29.6 25.8 66.0 97.1 8.3 5.2 58.8 13.6 73.3 25.0 56.8 74.0 51.0 18.3 5.6 40.3 22.0 76.4 70.8 76.3 17.3 82.0 75.7 46.7 56.1 68.7 37.3 10.0 55.3 57.9 74.4 7.7 42.7 22.1 85.1 27.8 63.3 13.0 53.8 1.7 84.3 34.0
52.0 79.6 39.5 53.7 23.7 44.3 34.8 85.7 62.9 12.6 11.8 57.4 54.3 66.6 20.1 73.1 90.0 72.3 95.0 7.4 55.0 57.5 69.0 54.8 54.6 8.4 78.5 88.7 10.4 35.7 45.4 18.7 48.5 28.4 81.5 20.3 35.2 47.0 0.2 78.5 32.4 66.1 86.4 44.1 7.4 22.0 64.6 33.4 37.3 44.6 10.1 21.2 27.2 10.3 59.3 6.5 68.4 61.1 95.7 96.1 83.4 0.5 29.0 76.8 55.0 33.8 74.5 5.0 0.0 46.3 76.3 92.8 96.3 30.8 0.3 90.7 97.1 56.6 15.9 20.7 11.1 4.2 37.2 45.6 62.0 14.7 68.5 33.3 61.5 43.4 50.5 75.7 22.5 48.1 10.3 85.5 93.5 52.3 80.9 9.0
26.1 9.9 92.8 98.3 97.6 94.9 31.0 91.4 94.1 91.6 21.8 36.9 82.5 24.9 90.6 26.5 76.2 76.2 61.3 85.5 80.0 84.8 37.3 44.9 37.3 59.4 31.3 24.4 50.7 93.3 19.2 98.9 97.3 2.2 84.0 81.9 70.4 16.9 45.5 71.1 43.2 95.1 74.5 60.2 86.1 46.1 29.9 57.7 30.4 42.5 50.2 44.3 15.2 54.8 43.6 25.0 57.8 52.7 12.6 1.4 16.7 15.5 73.1 99.1 75.9 64.3 78.0 94.5 25.9 22.4 53.9 13.7 40.5 66.3 12.9 38.7 11.5 84.6 98.9 93.8 89.6 44.4 12.6 10.4 55.7 58.3 18.1 79.0 95.2 59.9 92.9 40.5 98.8 57.2 47.3 73.7 35.7 27.1 92.0 91.6
31.2 50.6 83.3 97.9 15.7 27.9 85.5 7.1 33.1 98.1 16.5 31.1 19.1 0.3 56.1 83.0 80.3 2.1 48.2 79.7 3.3 89.1 5.1 40.2 76.8 7.2 33.8 93.8 89.3 64.0 66.6 1.2 5.8 14.5 55.6 55.2 11.8 10.0 73.3 39.1 23.1 75.0 51.9 16.6 90.4 48.6 85.7 69.8 39.4 41.4 87.6 23.2 10.3 81.5 71.9 21.0 11.3 78.2 41.1 79.1 32.2 80.4 67.5 85.8 22.4 7.7 44.7 84.1 88.2 15.3 34.9 33.4 80.0 95.1 32.5 19.0 5.6 4.7 12.0 50.3 86.2 53.5 13.3 71.3 49.8 43.6 66.1 44.6 92.0 74.6 54.7 85.4 91.8 84.6 75.0 74.1 70.2 52.0 48.6 53.2
53.4 4.2 82.7 40.6 66.9 94.5 24.3 43.1 84.5 16.6 81.0 73.3 64.0 71.9 54.6 37.8 88.0 6.0 76.1 82.1 18.8 86.1 55.9 96.1 31.1 84.7 76.9 22.3 89.2 23.5 98.4 60.2 62.3 66.6 45.8 37.2 77.2 63.5 84.5 27.6 16.5 9.8 87.4 19.0 94.8 12.8 98.6 46.8 41.0 3.8 41.3 71.9 22.0 76.3 32.0 70.4 26.7 73.2 5.8 98.9 74.7 87.6 44.3 60.4 66.8 68.9 57.5 78.5 89.3 0.1 34.2 12.9 27.2 36.3 48.3 75.6 49.9 46.9 3.0 6.3 35.4 38.6 62.2 51.9 7.0 63.9 70.8 91.8 15.1 24.0 40.9 72.7 63.2 68.4 38.1 99.8 56.3 45.0 1.8 14.7
5.3 19.1 91.0 93.4 1.4 17.8 44.6 74.1 74.8 71.6 8.2 72.0 64.2 48.2 18.2 86.3 98.5 73.2 83.4 92.1 7.7 39.7 22.2 89.9 26.5 90.5 16.2 62.3 48.0 12.3 89.8 13.1 32.7 40.6 52.2 84.2 96.7 58.3 89.0 24.3 86.8 61.5 55.4 81.6 71.8 60.6 32.1 1.9 62.6 1.3 8.4 32.3 23.6 45.2 41.4 59.4 34.2 90.2 64.6 91.3 61.8 37.3 21.1 9.9 2.7 4.1 2.8 98.1 53.1 4.9 74.4 22.4 25.2 30.6 0.8 97.4 63.4 31.9 10.9 15.6 30.5 77.5 31.2 14.0 71.2 0.7 79.1 17.0 58.3 95.9 12.9 80.7 75.0 48.5 25.8 35.4 66.6 30.3 78.3 24.2
12.3 84.1 8.2 52.3 71.9 5.8 29.0 6.0 11.6 80.5 34.9 45.2 21.3 19.9 2.4 10.5 47.3 32.3 49.9 9.7 16.2 34.1 97.6 76.1 84.6 89.4 64.0 12.0 79.5 58.1 4.3 29.1 66.6 41.1 93.2 74.7 27.3 66.5 34.6 36.8 41.2 52.4 37.8 16.9 56.7 4.2 34.9 8.6 44.3 11.8 58.0 54.5 59.0 47.6 69.0 70.6 84.0 75.7 36.1 33.4 48.6 6.3 28.0 2.1 91.6 83.7 15.5 80.3 98.1 65.9 86.1 41.5 30.3 46.5 4.5 62.9 23.4 2.1 91.0 30.7 21.0 1.9 70.6 62.6 30.3 54.8 8.8 1.5 59.1 4.2 81.6 43.4 83.2 51.4 30.6 45.5 92.0 50.3 70.5 35.0
64.3 72.7 62.9 21.2 71.2 13.2 25.7 97.2 7.6 70.2 84.8 99.0 95.7 97.0 88.7 58.7 60.7 89.5 91.1 27.2 94.3 26.7 54.6 17.0 64.4 99.5 88.7 87.8 14.3 75.2 29.6 58.0 12.2 85.5 60.9 32.9 40.5 34.1 48.5 72.7 25.1 99.8 48.6 92.0 36.9 28.9 95.5 44.4 92.3 90.2 81.3 68.0 43.9 26.1 92.4 32.2 93.4 99.6 12.3 57.2 51.8 91.3 2.7 75.0 56.6 39.6 4.2 10.4 36.9 51.3 38.6 5.9 0.6 92.4 69.0 89.1 71.8 23.7 51.0 31.5 14.1 9.9 71.0 49.4 94.8 74.1 66.9 38.4 9.6 58.8 19.6 47.0 71.6 55.6 74.3 60.4 48.7 9.9 97.0 67.2
73.0 67.2 23.5 98.8 95.2 86.7 27.7 68.0 10.2 86.8 39.0 67.9 45.8 86.1 2.6 58.0 57.4 42.5 43.8 73.1 23.1 45.3 94.2 13.7 19.9 53.0 92.1 41.7 16.8 12.0 77.3 79.0 20.6 88.6 88.7 36.5 19.1 25.5 39.5 28.6 14.2 97.8 64.3 16.2 23.4 18.5 95.3 2.0 93.0 75.3 43.1 51.4 39.4 62.3 85.9 28.2 56.5 9.4 67.0 61.5 51.3 35.1 91.2 51.2 73.7 93.9 54.1 62.8 70.6 5.1 50.5 87.5 70.5 45.4 89.1 32.8 49.1 61.6 44.9 22.1 93.6 9.8 75.5 30.3 52.6 47.8 1.6 51.3 63.6 91.2 64.7 81.8 82.4 52.8 24.3 25.0 6.7 75.3 24.5 23.7
43.3 68.4 74.8 29.1 25.2 94.8 74.7 15.2 64.1 89.7 98.5 77.4 56.4 46.1 99.1 50.6 82.7 30.7 47.2 38.5 77.5 29.0 21.9 86.1 22.2 52.9 23.0 68.4 46.8 99.6 25.4 74.8 45.4 91.6 86.7 18.8 49.0 65.3 50.1 7.6 75.0 18.1 18.8 3.4 24.4 69.0 73.9 74.6 43.2 11.5 38.9 56.0 22.0 40.1 38.2 64.8 98.8 58.3 93.1 84.7 44.5 23.7 90.6 37.0 54.7 22.6 46.0 16.2 61.6 73.0 32.0 37.2 54.2 72.0 39.8 82.7 39.9 12.3 29.7 22.8 36.0 79.8 66.9 51.3 52.5 32.8 66.1 68.2 17.3 43.4 5.9 27.2 54.5 76.4 93.7 6.0 57.7 25.2 0.7 26.1
64.8 18.9 20.3 63.4 69.4 93.2 48.9 75.9 60.5 82.4 86.9 68.4 26.6 29.9 70.6 85.1 63.2 87.0 92.7 82.8 93.4 50.3 34.8 51.9 9.1 57.9 90.2 52.5 15.4 74.0 88.9 14.2 99.7 18.6 71.6 95.7 1.4 52.2 14.8 99.1 58.9 15.7 83.5 83.3 3.1 91.1 95.8 37.1 67.4 92.3 93.7 35.0 30.5 60.1 51.1 21.8 94.4 98.5 98.2 10.6 79.7 93.7 52.6 8.2 59.2 33.3 60.5 89.1 76.0 56.0 72.8 46.2 83.6 90.0 84.7 28.0 80.0 49.5 50.6 16.8 78.2 72.3 24.5 12.7 30.4 62.5 97.5 32.0 14.2 52.4 10.7 49.4 63.5 0.8 2.1 34.5 72.9 25.5 71.9 71.7
43.0 72.5 80.3 42.8 31.4 19.0 19.7 65.8 5.7 63.0 4.6 84.9 87.1 70.5 0.5 78.9 81.1 92.7 77.1 80.4 37.0 90.9 1.8 57.9 65.3 91.2 22.9 90.0 91.4 94.1 86.6 85.5 72.4 8.8 18.6 98.5 76.1 63.5 4.3 64.2 22.2 22.2 62.0 20.4 6.2 14.9 68.1 76.2 15.6 71.5 42.5 87.1 26.0 70.0 1.2 53.5 25.3 43.6 5.5 51.0 60.6 22.0 12.7 27.7 74.1 14.3 92.3 4.2 22.5 42.6 42.3 3.7 77.0 10.5 71.5 14.8 49.8 70.8 0.4 64.4 39.5 86.1 78.5 13.8 50.8 28.3 60.9 84.4 9.2 73.2 25.0 81.5 98.6 16.1 87.8 30.3 20.6 41.9 44.5 77.6
10.9 68.7 98.8 3.7 89.7 89.4 9.8 20.4 40.4 66.2 56.3 3.0 97.8 73.1 72.5 93.7 6.4 29.3 0.1 92.8 22.8 59.1 77.6 80.5 54.9 78.4 62.4 2.2 11.6 91.9 64.9 47.7 32.8 38.6 94.8 52.3 82.1 35.4 76.1 12.3 78.6 71.5 91.4 7.7 34.7 62.2 28.0 58.9 47.6 68.7 57.4 52.9 50.4 70.2 14.1 77.7 83.5 32.9 7.2 58.4 58.2 4.6 54.9 69.2 35.6 29.8 49.8 65.3 87.3 72.5 18.2 93.2 86.4 84.3 48.9 60.0 91.7 54.9 59.2 88.8 4.7 67.6 38.3 4.9 16.4 32.3 85.5 66.9 33.0 94.0 60.9 77.1 91.9 72.2 97.2 64.2 26.7 67.7 20.7 80.0
89.8 21.9 55.7 94.3 17.0 25.7 57.9 55.6 64.1 1.6 39.3 8.1 29.9 5.3 12.7 85.8 19.3 0.5 76.6 63.5 67.9 52.2 8.9 40.0 7.1 50.6 69.1 74.7 64.8 77.3 21.7 7.0 4.2 79.7 86.8 71.6 69.9 60.4 83.1 96.2 23.1 12.1 70.5 70.8 40.5 44.4 73.7 99.1 67.9 31.3 39.7 33.2 44.5 64.0 25.3 35.8 12.9 76.5 83.1 55.2 70.4 75.4 90.3 4.8 57.4 12.7 0.8 45.3 10.2 24.6 3.4 99.6 81.8 18.8 52.4 48.6 85.1 12.6 33.5 36.9 24.5 86.6 58.6 92.6 18.7 57.1 7.1 38.9 90.0 98.5 75.6 2.8 74.8 46.3 11.2 63.4 34.6 38.2 97.2 0.5
90.3 28.1 28.1 78.0 21.5 5.0 87.5 92.9 82.9 60.6 62.5 2.0 41.3 59.9 56.8 15.3 67.7 34.8 79.9 0.7 73.1 57.8 81.5 90.3 83.7 67.7 69.7 30.9 44.9 61.2 68.2 56.1 31.1 0.2 88.9 78.8 75.5 2.3 11.4 11.9 29.3 89.7 49.7 87.8 10.6 37.3 26.5 15.7 45.1 84.8 79.8 33.9 65.7 26.3 78.9 92.1 63.2 29.8 45.2 21.8 3.6 5.2 25.9 35.1 16.8 74.9 32.5 2.4 15.2 68.8 90.1 37.9 93.2 40.9 48.7 29.8 15.4 17.9 46.5 3.6 74.3 30.0 51.0 35.9 45.3 91.3 9.2 32.8 23.3 85.2 94.2 39.7 6.6 73.1 71.3 77.2 23.8 35.2 29.6 29.0
43.2 92.6 83.1 93.0 77.2 25.7 96.5 95.8 82.1 37.6 83.6 51.4 81.0 13.3 95.3 19.2 42.6 96.1 93.6 57.9 53.7 71.8 94.5 74.0 60.1 65.5 90.5 82.2 54.3 64.1 6.9 38.6 20.2 40.7 74.4 75.2 0.0 76.1 35.3 32.1 60.8 47.8 4.6 98.6 66.5 37.3 47.8 53.7 64.1 10.8 38.1 89.6 45.7 14.5 65.2 1.4 82.8 12.2 66.9 9.5 48.1 1.1 18.1 5.8 47.8 64.2 53.5 91.3 87.9 92.3 16.4 20.3 95.9 61.7 68.9 2.0 17.9 13.5 81.9 22.2 21.5 69.7 37.5 67.4 6.7 72.3 69.9 69.7 8.6 49.0 72.0 24.7 71.7 58.7 11.0 28.8 36.6 55.2 59.8 95.3
66.7 62.0 79.9 57.0 25.1 70.9 33.7 24.8 21.0 53.1 97.1 40.9 29.2 98.6 9.3 71.3 89.2 17.4 43.1 54.4 0.4 68.1 85.0 70.2 56.1 99.6 23.9 4.9 67.9 2.1 81.6 58.6 26.7 4.4 42.5 8.1 75.8 51.2 88.1 5.1 51.6 72.5 23.0 15.9 24.1 75.2 67.8 98.4 4.5 25.3 74.6 74.7 70.0 35.3 48.6 59.4 20.4 84.4 29.5 94.4 15.6 67.3 42.1 92.3 25.6 23.3 98.1 14.6 41.8 90.2 62.0 69.7 39.6 18.9 8.1 99.7 33.5 11.0 79.2 56.4 68.6 72.2 92.4 53.0 97.8 33.4 37.9 38.4 63.2 88.1 79.3 72.3 59.9 88.9 7.0 55.0 57.1 16.4 59.1 7.4
10.6 94.9 81.5 78.4 35.0 51.6 63.6 53.7 38.4 74.4 37.6 45.1 49.4 42.2 97.8 6.4 80.9 23.6 86.2 44.6 88.6 25.1 56.0 66.3 78.5 27.5 40.8 10.2 4.2 95.2 34.6 62.1 27.0 50.9 87.1 0.4 52.6 30.8 48.8 69.9 76.4 55.5 54.0 56.2 84.6 75.0 1.2 86.7 31.5 45.8 56.5 1.8 52.9 32.0 94.9 68.6 83.1 49.5 66.1 22.4 70.0 52.8 90.6 87.1 29.6 29.8 93.0 44.6 90.3 27.3 10.6 10.4 97.4 47.1 94.4 97.8 13.9 55.7 44.0 45.0 60.6 87.0 35.6 51.1 8.8 2.8 6.9 40.3 42.8 84.3 52.5 8.5 10.2 51.4 37.0 92.7 84.9 78.9 3.6 58.3
52.8 88.5 99.2 26.9 96.6 39.0 1.6 36.1 57.7 67.9 78.6 16.9 29.8 51.5 40.7 75.7 7.3 3.3 1.9 78.4 94.8 24.9 0.4 51.2 49.3 29.4 48.3 27.9 86.4 22.4 64.7 95.4 78.8 59.0 63.2 62.4 58.5 25.7 77.1 67.3 40.8 22.0 0.7 81.3 24.2 23.4 45.2 27.4 16.2 13.3 44.9 85.8 6.7 69.6 83.9 53.2 32.8 7.8 36.9 74.6 99.8 28.2 59.8 45.2 13.4 68.6 18.0 28.2 23.9 52.2 46.0 37.4 45.1 48.4 41.3 4.0 79.6 48.7 22.0 28.2 5.2 17.8 4.0 2.2 23.1 59.3 60.9 91.1 36.1 91.3 51.9 45.0 14.1 1.3 87.6 50.7 17.4 77.9 32.2 35.0
54.7 64.4 38.4 43.7 4.0 81.8 28.6 58.2 19.5 2.9 7.1 58.7 72.2 49.7 36.6 35.2 83.0 24.8 40.1 80.9 43.7 78.3 55.0 64.2 24.8 35.6 78.9 1.7 9.3 92.2 28.1 64.4 20.6 83.1 88.3 52.3 34.4 93.0 43.3 43.9 60.7 93.9 45.9 81.4 58.5 91.6 86.7 85.5 55.7 99.7 8.2 89.7 59.3 14.1 39.4 1.7 20.2 7.6 17.8 19.0 38.5 38.9 15.1 15.3 45.2 75.6 98.0 68.3 82.2 15.1 80.3 4.6 11.8 10.8 58.9 3.4 57.1 44.5 23.0 71.3 76.4 18.1 79.4 89.0 6.7 13.2 65.6 73.0 14.9 56.3 74.5 66.7 13.3 22.2 20.6 74.7 18.0 36.1 56.5 0.1
9.6 60.8 21.0 75.5 18.4 82.0 98.0 61.4 75.6 5.4 27.9 77.9 20.0 43.4 60.9 88.0 6.2 53.0 98.6 51.0 67.5 42.7 52.6 80.8 76.5 8.6 43.9 29.2 68.0 43.2 23.7 20.3 48.9 84.6 79.9 74.1 51.6 47.7 70.1 93.7 18.6 30.8 10.1 86.0 88.2 46.2 70.4 33.3 77.7 17.5 96.6 62.3 60.9 26.4 16.2 36.5 2.6 4.4 66.8 99.0 32.8 73.7 5.8 35.7 98.4 16.9 17.4 79.0 19.7 55.2 95.8 82.9 62.4 51.2 68.3 24.4 72.7 44.5 1.5 45.0 89.5 63.0 89.7 9.6 78.4 76.8 24.9 77.7 12.0 66.2 39.1 2.7 75.6 15.3 79.3 91.5 35.6 80.8 9.3 15.5
97.2 92.8 34.8 30.9 56.6 70.8 16.7 65.0 49.8 29.3 72.6 86.0 26.0 86.3 49.5 37.7 45.9 28.9 29.7 44.5 57.2 30.3 74.3 8.6 24.8 94.5 38.4 79.0 92.2 52.9 10.4 2.6 76.2 72.6 22.4 86.5 68.4 86.4 84.8 12.6 18.6 88.6 92.5 23.9 90.4 19.1 29.0 12.6 89.5 9.3 43.7 18.4 32.1 40.3 85.0 60.3 81.5 62.6 1.1 45.9 7.9 24.8 9.0 29.5 65.0 2.0 0.6 60.0 60.2 7.1 75.6 32.3 42.0 38.4 52.3 46.5 28.0 39.7 40.1 15.5 11.4 23.4 44.8 96.0 56.6 45.1 29.3 41.0 91.6 12.3 78.7 77.2 82.5 23.1 61.6 48.9 41.6 50.2 56.7 28.1
3.3 23.3 34.3 3.3 3.1 36.7 20.0 56.1 49.9 24.4 11.5 16.4 41.0 1.0 20.2 54.7 99.6 44.7 80.0 25.7 65.9 80.7 80.1 75.8 69.3 93.7 96.4 43.0 77.7 3.1 86.5 2.3 47.1 1.7 23.2 59.5 57.9 46.0 93.3 32.0 56.8 58.5 73.1 95.4 56.6 24.9 5.1 76.9 80.3 39.8 51.8 31.2 44.5 74.8 72.9 61.4 1.7 89.2 54.1 61.3 61.0 77.0 29.9 64.3 66.9 68.4 44.4 19.5 59.1 18.0 55.0 43.1 10.7 91.9 5.0 98.0 41.9 36.4 76.2 44.5 42.2 21.6 85.9 99.7 48.6 21.6 32.6 97.1 35.5 19.8 79.5 79.3 27.2 21.5 6.5 74.3 64.3 76.9 14.6 62.3
75.8 44.8 65.1 61.9 66.5 92.0 37.2 19.9 7.3 19.1 90.4 0.1 23.8 93.0 93.0 48.0 94.6 9.5 75.9 28.0 70.4 44.4 38.5 48.8 26.0 93.1 97.3 11.0 84.1 98.7 16.0 55.7 81.3 31.8 64.0 39.7 55.1 23.6 70.7 81.9 26.0 64.9 96.5 73.5 63.9 55.2 73.2 34.7 23.7 23.7 83.3 12.7 99.8 34.9 86.4 97.7 34.3 76.2 57.0 20.2 22.5 65.5 2.5 61.1 82.7 52.3 92.4 34.4 39.8 92.4 30.4 46.3 92.2 86.2 99.1 64.4 28.5 46.2 80.3 18.8 34.2 45.3 34.8 0.7 6.9 12.2 6.1 62.3 28.8 92.9 5.7 37.4 31.2 33.6 46.9 86.5 39.2 57.5 83.7 87.4
7.6 69.8 83.1 46.0 11.8 78.0 78.6 66.0 57.1 66.9 68.2 9.0 16.7 11.0 14.1 23.7 59.2 40.2 83.8 71.0 72.0 5.6 44.3 23.8 9.5 59.9 17.4 99.4 91.4 43.3 38.1 57.5 19.8 64.8 84.0 42.2 44.5 99.7 12.5 15.3 31.5 74.1 41.9 82.7 26.5 93.8 20.4 27.2 41.1 2.5 74.4 6.8 20.3 3.6 65.0 47.1 42.2 78.2 66.7 91.5 35.9 85.2 92.1 78.8 9.9 40.7 89.3 37.0 79.2 29.5 5.8 63.0 16.8 72.7 41.4 4.4 88.9 87.1 18.4 85.7 87.7 84.9 54.7 52.4 12.9 55.4 3.8 34.5 27.0 9.3 21.6 42.6 15.3 42.3 60.9 2.9 74.9 40.2 50.8 46.0
26.5 22.7 80.9 79.0 84.6 68.0 23.7 91.6 75.0 50.3 34.8 99.3 40.2 59.2 89.3 62.1 95.3 24.3 94.5 1.2 14.2 38.8 79.4 70.7 19.4 65.5 1.3 68.6 17.1 41.6 74.5 63.9 21.2 67.0 57.9 33.5 5.2 77.7 36.9 37.3 95.0 36.2 88.0 14.4 46.3 26.7 43.1 47.0 23.4 84.6 18.6 86.7 72.5 42.9 84.0 26.2 17.8 1.5 13.2 92.3 24.5 62.6 21.2 63.6 18.1 65.9 84.6 34.2 54.4 3.8 5.5 6.6 81.0 93.9 43.2 37.3 57.0 24.8 60.5 52.9 2.5 36.2 35.2 95.6 65.6 12.9 67.9 29.4 39.4 27.8 93.4 82.3 71.1 1.0 11.5 34.4 7.0 48.6 25.1 85.8
76.1 96.4 25.3 9.3 59.2 85.0 35.3 5.2 44.8 88.5 27.9 25.9 44.3 26.0 56.5 35.6 62.0 84.4 73.9 65.4 50.1 59.9 58.7 81.3 14.9 61.5 85.0 10.8 68.3 40.9 19.7 60.0 49.4 64.3 59.6 15.9 56.9 36.4 62.7 31.3 45.6 98.5 90.8 78.8 63.0 21.0 79.8 97.7 37.3 3.8 45.0 3.0 35.6 10.6 70.5 95.6 48.2 74.7 94.6 77.2 93.5 34.8 34.5 57.4 1.5 83.8 32.5 86.4 7.0 82.3 78.7 9.9 89.7 83.9 99.4 9.3 40.8 54.7 88.4 4.6 25.6 98.8 65.7 56.8 10.7 52.7 63.4 89.4 64.6 93.2 85.3 46.2 86.8 36.3 61.1 6.6 12.2 10.7 32.0 12.4
54.1 52.0 45.5 95.0 5.2 87.1 52.1 3.2 85.9 5.8 76.8 13.7 15.6 56.7 43.5 60.9 83.2 26.9 38.3 46.7 0.5 18.2 20.0 80.0 91.8 16.3 94.5 47.7 41.2 97.7 73.8 43.1 56.2 44.9 63.3 8.4 56.6 42.9 84.7 30.0 12.5 23.5 48.5 45.5 96.8 41.4 67.6 97.7 68.0 26.5 61.0 46.0 63.2 25.1 21.4 78.4 34.5 80.6 91.6 18.6 29.7 82.8 3.0 43.3 68.4 17.4 81.3 53.3 69.5 14.6 49.6 99.6 20.9 79.6 28.7 93.2 94.8 57.7 1.0 2.4 41.5 16.9 82.0 23.6 42.7 76.6 48.1 38.6 64.6 12.6 54.0 62.0 27.5 22.2 0.8 85.1 6.8 58.7 3.2 75.7
50.2 13.6 52.1 32.7 70.4 14.5 10.9 69.7 33.4 28.8 81.0 61.2 9.6 12.0 98.3 31.1 51.4 49.4 41.7 0.4 87.8 35.5 6.2 36.7 1.0 82.6 84.1 87.6 88.6 31.1 56.2 46.3 35.9 39.4 70.1 64.0 21.5 63.2 27.2 59.7 14.8 87.5 11.2 59.7 14.8 14.2 79.9 80.9 94.8 11.9 64.9 61.0 54.3 7.5 55.6 55.9 25.7 39.4 22.9 60.8 97.6 73.1 72.2 80.6 37.9 93.7 95.6 69.3 84.0 68.9 34.7 68.3 24.0 80.0 89.6 38.7 56.0 9.6 17.3 93.7 32.1 92.3 73.5 13.7 17.1 81.0 16.1 30.1 67.6 58.1 36.8 82.5 84.7 65.8 71.1 83.1 72.0 13.2 62.0 20.6
21.6 86.5 39.2 44.7 89.1 91.1 96.7 39.5 69.0 90.5 59.2 63.4 14.1 97.5 6.0 92.6 65.4 34.7 36.3 83.9 13.2 32.0 81.2 50.1 69.2 13.3 94.0 42.3 11.5 78.7 51.0 47.7 63.1 41.9 93.8 89.9 80.0 92.9 30.0 34.7 79.7 66.5 40.5 45.0 34.2 96.3 0.3 0.0 78.2 53.9 34.9 20.1 52.5 77.8 31.4 98.6 60.7 70.8 75.5 3.5 64.2 7.6 27.5 26.1 57.8 34.2 27.1 86.0 98.3 56.7 28.7 19.8 26.9 69.3 61.5 96.7 98.5 32.2 15.8 93.6 60.1 51.8 69.3 2.0 70.7 38.9 53.1 93.2 9.3 80.8 37.8 91.3 31.9 72.1 82.5 54.9 33.8 23.1 51.6 49.7
13.1 56.8 46.3 71.0 10.4 85.5 18.9 47.9 69.6 84.4 27.1 29.1 53.3 87.9 79.5 99.0 84.8 65.7 73.8 91.3 23.8 92.6 56.0 11.3 51.8 84.0 23.5 39.9 61.2 97.9 44.0 55.2 10.4 79.0 15.9 69.0 29.2 25.7 42.1 34.4 38.3 3.7 78.6 23.7 23.9 93.2 50.3 57.3 5.1 69.7 92.5 64.4 27.0 52.7 12.4 20.2 39.2 51.7 65.1 1.2 1.9 65.5 28.7 97.5 79.2 17.9 62.3 77.5 99.4 43.4 6.4 87.5 88.3 4.6 71.3 56.1 68.0 14.2 54.2 87.6 11.6 19.4 2.0 2.2 40.9 16.8 10.0 27.8 54.5 86.4 51.6 82.9 9.2 25.6 70.3 60.8 53.8 85.7 48.9 87.4
81.2 88.8 14.6 58.5 79.0 39.7 23.3 62.0 94.1 54.5 12.5 37.3 97.7 21.5 2.5 41.2 55.6 37.2 83.2 94.7 62.5 88.3 40.7 2.0 25.3 52.4 45.3 89.3 38.2 74.6 87.7 53.6 69.7 38.0 37.5 14.9 67.6 77.7 64.8 65.3 66.9 70.1 55.2 24.5 80.6 34.8 79.5 48.4 43.7 62.3 39.6 14.2 23.0 52.9 16.4 93.5 34.9 11.5 65.1 44.8 35.5 96.8 84.8 81.1 82.2 94.1 93.0 8.9 12.0 62.3 91.7 11.7 43.4 17.7 58.9 91.8 58.6 5.3 69.3 95.1 5.9 55.3 38.7 72.4 61.5 13.0 13.9 96.2 83.4 73.5 89.8 75.8 40.4 87.1 30.8 11.7 82.1 74.0 38.5 52.0
9.7 90.9 15.4 45.9 29.8 78.7 54.9 38.1 20.5 84.8 35.8 49.9 23.3 18.5 79.6 20.9 68.3 46.7 31.5 50.5 44.1 28.5 83.4 56.6 85.4 23.6 77.4 45.7 58.0 13.1 66.2 43.6 11.1 23.6 80.7 82.3 27.9 94.0 43.9 35.6 88.2 58.3 22.7 83.3 65.6 74.0 70.0 42.7 50.8 4.8 53.8 76.0 16.6 31.8 18.4 64.0 28.1 79.4 1.1 70.4 80.8 83.5 89.2 40.3 42.0 61.2 68.4 91.1 57.2 41.2 59.5 41.6 69.3 63.0 58.0 5.6 72.8 71.6 6.2 84.9 7.2 92.6 8.6 7.0 52.3 85.4 89.3 10.8 77.8 70.0 93.9 2.6 30.0 27.8 31.7 24.3 72.0 80.9 94.0 15.8
26.3 88.0 43.9 25.4 62.7 75.8 94.9 35.8 1.5 26.4 83.8 20.4 73.9 25.6 90.4 7.4 90.3 34.3 62.5 33.6 52.8 6.9 41.4 14.8 97.7 77.8 26.3 53.5 90.5 33.1 53.0 69.0 44.2 71.0 76.9 70.6 10.7 24.8 54.7 34.3 13.5 31.9 88.7 1.7 41.3 77.2 62.0 10.2 5.8 32.7 39.4 80.0 24.7 10.1 79.0 29.0 40.1 0.0 14.3 78.1 5.2 32.6 35.9 85.3 39.2 45.1 48.3 85.5 7.1 54.6 78.9 38.5 22.1 75.0 4.5 34.7 24.3 47.9 26.0 25.9 44.8 71.0 1.2 2.8 44.9 79.2 54.9 64.2 66.8 28.4 13.0 74.8 62.9 2.1 48.5 77.7 38.5 70.7 23.2 92.0
38.3 49.8 29.4 9.3 95.8 62.3 71.3 91.7 39.2 37.5 92.2 48.7 40.0 86.7 52.6 70.7 96.9 91.0 39.2 82.6 21.1 11.0 35.2 62.1 3.0 63.1 43.1 92.4 72.3 4.4 23.3 15.8 65.9 86.8 46.8 66.5 68.2 51.3 45.9 65.9 61.1 91.0 25.1 66.9 61.7 61.4 34.9 87.9 47.2 65.3 80.0 74.7 40.3 89.1 55.3 45.1 12.5 83.4 20.8 97.7 56.1 18.3 63.3 77.0 77.8 63.2 77.1 63.3 0.9 93.4 17.5 40.0 4.9 13.7 48.7 26.5 32.1 13.6 27.5 27.0 32.5 80.9 26.6 15.6 92.6 7.1 17.0 88.1 23.2 10.8 13.2 63.2 13.9 47.1 10.6 49.4 69.9 82.6 86.3 82.4
79.3 37.4 65.3 20.7 40.0 12.5 90.5 64.0 20.2 18.8 97.0 62.4 40.2 75.4 35.6 95.7 89.2 75.2 1.4 53.7 15.9 40.6 3.0 71.1 66.2 16.8 64.8 27.7 65.4 68.6 88.2 18.8 61.3 56.7 44.0 51.3 36.9 20.1 55.3 19.2 41.0 31.2 29.0 11.2 82.2 64.4 44.1 4.0 56.1 77.9 2.9 52.8 54.7 93.7 30.7 74.4 75.4 25.5 59.6 49.2 72.6 53.4 11.9 27.6 93.8 66.7 17.9 41.8 24.6 17.7 10.0 49.1 24.2 70.6 27.6 65.4 94.6 15.8 12.1 91.6 94.8 66.8 42.5 83.3 26.9 36.5 77.5 0.4 94.8 44.5 39.3 87.3 15.5 21.3 10.2 18.7 74.6 77.8 3.1 83.9
30.7 43.7 50.0 2.5 77.1 75.8 11.0 95.8 86.7 5.0 38.2 5.0 92.7 24.8 11.5 39.0 68.3 10.5 15.6 25.5 81.1 89.5 11.6 32.0 35.7 99.2 3.3 22.3 8.5 59.0 33.9 50.5 42.0 25.7 71.7 41.6 50.9 84.2 78.0 15.4 37.1 59.1 82.8 47.4 43.7 59.0 31.0 19.3 78.0 87.5 19.6 4.6 75.9 0.6 87.4 49.2 39.8 59.8 48.1 11.1 81.5 60.3 1.4 81.4 8.1 37.8 68.7 37.0 13.5 10.9 37.0 78.9 31.2 2.1 80.6 59.3 84.5 24.2 12.0 4.8 98.1 16.8 84.5 53.7 57.9 58.2 5.2 60.4 85.0 76.6 11.9 32.2 37.8 52.8 91.3 67.2 98.2 87.9 11.1 49.0
34.1 93.3 73.0 26.8 57.1 79.7 5.6 61.3 62.1 91.1 57.9 21.5 28.4 92.2 97.3 43.9 93.6 95.4 31.5 77.0 52.2 33.0 22.0 37.5 54.9 37.2 47.4 51.0 13.1 80.5 65.5 66.9 86.4 5.0 38.6 79.1 57.3 89.0 59.1 27.2 17.2 85.9 90.4 46.3 88.0 30.6 62.3 44.0 6.9 16.9 66.4 12.0 77.7 17.0 35.0 99.4 2.8 53.5 10.0 4.8 79.8 16.6 92.1 33.2 72.2 29.1 37.3 33.5 72.1 5.3 7.1 79.3 48.5 19.9 24.3 66.8 41.0 51.1 16.3 4.7 49.6 23.4 67.5 9.3 59.8 71.5 98.8 73.5 53.6 60.7 26.0 60.3 24.7 0.6 1.4 92.7 3.5 54.8 47.1 11.3
7.8 91.5 18.5 87.6 44.8 57.5 51.9 94.6 0.6 30.5 39.9 21.3 68.6 9.3 22.9 82.9 80.6 62.6 72.8 59.2 13.2 71.2 72.1 44.2 13.4 4.0 92.9 14.6 45.5 34.7 50.1 67.4 85.8 46.6 14.5 15.9 38.2 0.5 89.3 11.3 28.6 12.3 88.1 39.9 54.4 86.1 77.4 36.2 12.3 49.9 96.9 42.8 26.7 31.1 93.6 3.3 67.5 45.1 64.3 91.8 31.5 86.2 35.1 99.1 71.2 91.3 78.5 90.6 27.9 94.6 33.1 85.2 98.9 47.9 48.0 80.8 91.6 76.6 40.9 56.9 81.4 98.1 43.6 8.7 84.5 47.8 97.0 89.9 79.8 28.9 41.1 3.2 84.7 72.6 43.0 18.1 79.7 36.7 69.9 28.7
34.5 44.9 55.4 75.4 12.4 10.5 3.3 23.4 15.4 46.7 21.8 34.5 33.1 61.5 0.5 49.2 34.5 18.2 80.5 38.5 2.6 28.7 93.0 33.8 60.6 62.7 38.8 88.4 54.4 93.7 58.9 58.8 76.7 76.9 8.4 81.3 98.6 19.4 40.9 41.4 18.0 18.6 55.2 53.5 48.5 51.7 88.0 97.0 92.2 33.1 75.9 80.6 7.7 84.9 83.7 57.8 89.3 44.9 91.7 55.3 10.5 73.2 30.8 78.7 46.1 51.3 23.8 57.9 69.7 70.8 60.8 73.4 31.1 43.8 41.9 16.2 82.2 38.7 43.3 68.6 35.7 53.2 57.3 58.1 48.1 74.0 19.3 89.7 66.1 52.3 31.1 44.5 7.1 20.6 94.2 54.9 79.9 50.5 22.7 41.8
80.0 3.5 27.2 97.6 8.5 28.3 25.7 75.3 49.2 21.3 75.4 0.1 21.5 2.4 45.8 94.5 70.2 78.3 22.2 17.8 64.5 2.0 9.9 7.2 22.1 1.6 9.5 56.1 16.9 45.3 94.5 83.5 58.4 12.5 17.0 87.4 23.7 53.6 52.8 71.8 45.6 59.0 55.8 74.3 35.2 5.8 46.2 51.6 2.2 50.7 80.9 11.7 98.8 44.7 52.1 40.8 79.1 17.2 77.6 9.5 93.4 76.8 68.1 24.0 81.9 88.6 75.4 50.1 23.7 45.3 79.6 27.9 90.6 90.3 36.9 55.8 21.0 68.4 92.9 80.4 52.2 6.0 59.6 74.7 59.1 52.1 33.5 73.4 6.2 3.0 71.8 99.7 19.6 27.1 85.6 27.0 0.3 20.5 86.5 93.2
9.5 32.9 83.0 79.7 5.0 80.9 96.3 30.1 69.9 7.0 59.7 59.3 5.0 1.7 34.9 61.2 57.9 31.3 40.5 29.1 94.2 45.1 72.4 24.2 39.2 24.3 99.4 36.8 91.5 27.5 13.1 34.4 46.2 91.3 11.4 70.9 60.0 51.2 77.5 71.1 93.3 78.7 31.4 85.2 65.4 64.7 39.4 41.4 72.4 25.4 58.5 31.8 38.8 25.3 23.4 46.4 46.2 96.0 96.0 61.7 19.7 1.4 82.2 79.2 57.7 68.9 97.0 43.6 56.8 48.1 60.5 51.7 98.2 84.9 63.3 96.3 72.3 50.6 5.3 16.6 26.8 37.6 12.8 60.3 81.3 4.1 30.8 38.6 34.2 73.0 44.8 26.2 32.6 69.5 62.7 20.8 56.2 45.6 14.4 6.9
54.1 44.4 79.8 30.0 8.0 58.5 26.4 34.2 79.0 77.0 60.3 83.1 84.6 54.3 12.2 48.1 99.3 11.7 74.9 10.8 7.9 47.8 19.7 82.0 25.4 12.5 60.2 20.3 59.3 66.6 46.5 90.5 23.3 55.4 92.0 9.4 47.6 64.4 82.1 71.7 50.3 18.1 92.6 44.4 34.1 48.2 68.5 28.8 21.4 64.6 42.0 72.8 26.9 15.4 64.6 65.7 3.4 87.0 0.5 25.6 1.9 73.2 31.0 74.6 57.2 67.9 87.7 93.0 50.1 28.1 6.6 30.8 11.1 28.1 43.6 13.6 14.9 84.9 71.1 88.0 50.3 73.6 41.8 99.0 21.7 69.0 10.8 22.4 68.8 33.9 97.3 75.0 46.9 38.4 19.5 69.9 78.3 8.0 17.1 78.1
52.3 22.6 7.2 31.3 13.6 49.1 66.7 79.6 57.8 27.9 97.5 37.8 81.7 73.7 74.0 84.3 12.0 69.4 46.3 11.9 57.9 74.9 28.8 9.2 74.3 1.4 67.8 65.9 49.2 34.0 34.1 31.9 98.1 82.5 0.8 36.8 75.0 17.8 62.9 76.2 55.0 38.1 92.3 25.4 16.8 38.6 29.1 25.1 7.1 41.5 53.8 89.1 65.1 54.8 36.7 6.2 13.8 86.4 35.0 12.6 28.6 85.6 23.6 2.3 50.1 96.2 68.4 23.9 64.7 84.2 81.0 54.0 21.1 56.5 22.2 46.5 72.0 98.7 35.2 35.3 94.2 46.3 51.2 52.9 43.5 99.4 34.8 13.5 31.8 73.3 25.8 63.1 75.5 23.9 65.4 61.8 73.1 99.5 19.9 47.9
76.6 48.4 2.2 38.7 64.1 95.1 96.7 97.0 20.8 1.6 94.3 20.4 69.1 67.4 61.4 20.6 87.8 26.9 51.2 69.7 16.3 35.3 15.9 61.0 3.6 13.8 1.1 55.2 29.6 31.8 55.7 30.9 2.9 39.7 20.2 56.1 36.3 60.8 92.0 99.7 76.2 12.5 75.5 6.2 95.9 19.3 51.9 82.5 28.6 31.9 25.3 78.9 38.0 51.2 71.1 63.9 47.2 46.6 98.5 62.5 72.3 34.1 66.1 22.7 67.9 7.4 26.9 11.7 1.0 89.8 18.1 66.9 16.9 10.5 95.9 9.8 33.1 84.8 72.8 87.5 41.5 47.3 46.7 35.3 20.6 66.5 18.5 47.0 45.5 86.5 51.8 44.4 85.7 17.6 69.1 59.0 30.8 11.7 63.3 49.5

21.3 4.8 22.6 1.0 85.6 62.4 87.6 18.8 82.0 21.2 89.5 88.9 15.3 29.4 83.4 44.2 84.7 17.2 24.1 21.2 48.9 94.6 76.4 52.8 20.9 81.2 85.8 25.5 76.3 40.5 99.5 30.4 49.8 41.7 62.4 72.4 3.7 85.6 91.0 65.2 81.2 3.5 39.7 6.8 86.1 80.5 4.3 59.4 26.1 5.6 40.9 80.7 16.6 60.0 95.5 59.5 4.6 17.6 83.8 1.0 34.5 33.5 16.4 83.3 86.6 75.2 67.3 90.6 50.1 67.8 85.6 45.2 34.6 44.6 81.0 78.7 29.9 76.8 55.8 79.3 25.3 47.2 90.5 57.0 55.9 1.1 53.4 85.0 50.4 49.4 24.5 1.5 8.0 33.5 62.4 88.5 59.8 35.5 42.7 58.1
60.1 58.2 43.3 24.2 84.7 65.4 24.7 98.9 53.2 87.0 40.6 51.6 59.8 45.9 52.7 14.8 82.2 49.2 10.9 36.2 90.0 67.6 46.0 58.8 3.8 58.1 30.5 70.0 68.7 47.8 44.5 43.8 20.1 46.6 55.4 45.8 61.2 69.5 41.6 63.4 40.1 62.5 6.5 63.3 36.6 30.8 37.6 95.2 15.4 72.3 7.9 19.8 71.6 42.4 13.6 59.9 12.0 7.0 9.7 69.0 78.5 60.2 67.6 93.1 11.5 27.9 92.6 24.2 74.1 41.3 42.5 2.6 51.5 79.4 7.4 31.5 16.6 47.8 35.9 93.5 34.2 90.4 76.8 86.3 71.8 5.5 98.1 98.0 45.1 44.1 63.1 94.4 12.3 6.5 63.4 89.0 4.8 20.2 65.5 7.4
16.8 86.2 78.9 1.3 83.3 81.7 30.5 94.2 93.9 40.6 83.3 70.9 19.8 62.7 6.4 80.9 64.6 56.6 43.8 17.1 71.1 8.7 25.3 79.4 39.5 96.3 24.4 34.8 60.7 49.0 71.3 40.2 86.7 37.4 80.8 1.4 11.9 33.8 9.1 49.0 10.7 83.5 9.6 52.8 55.4 71.0 16.0 89.5 92.2 59.6 86.5 38.1 11.6 64.9 77.1 32.2 4.0 17.7 51.5 71.4 45.3 16.4 2.3 41.6 63.4 58.4 86.9 50.0 30.5 43.4 91.6 72.3 2.3 98.5 86.2 60.9 66.5 85.4 10.8 11.9 76.2 13.3 38.8 38.9 65.8 58.8 87.9 1.5 41.4 27.8 72.2 36.3 36.2 38.0 49.3 55.5 72.6 18.8 40.3 84.7
47.6 64.5 21.7 58.1 56.8 12.6 28.5 55.6 31.8 83.9 75.8 43.8 86.0 49.5 51.3 48.9 85.0 96.0 39.4 80.2 95.5 75.7 80.7 8.0 48.6 58.7 55.6 32.7 80.1 73.7 15.5 20.6 88.4 75.6 41.2 11.9 8.6 0.9 15.0 15.3 13.4 26.4 89.9 52.2 33.3 57.3 62.2 2.8 56.7 22.6 21.6 62.3 81.0 87.7 58.9 16.9 39.0 96.5 8.8 22.4 84.0 81.4 77.2 4.1 54.7 46.5 45.5 10.6 17.6 25.8 85.4 33.4 45.8 75.4 67.9 11.3 62.3 42.8 56.3 18.5 8.8 40.2 65.6 12.8 85.0 56.0 73.0 37.2 50.2 61.4 87.1 30.0 6.2 78.0 11.9 20.6 71.0 55.9 9.0 95.8
73.0 53.6 32.5 21.9 89.9 20.4 3.6 94.5 1.1 95.8 10.9 20.3 2.9 98.1 35.6 93.8 10.2 85.9 56.2 13.3 84.5 55.1 56.8 7.6 83.6 91.5 52.1 68.9 77.6 97.5 88.5 21.1 34.4 41.2 53.3 71.2 57.4 99.7 61.4 28.7 30.5 16.7 33.5 57.4 38.8 22.1 12.6 12.7 62.5 8.3 95.6 31.7 5.7 3.2 85.8 61.5 89.8 42.6 28.8 90.2 33.4 43.3 92.2 98.0 16.0 71.1 72.5 9.9 42.8 27.5 40.0 89.1 53.9 26.6 45.8 58.5 50.9 19.2 27.8 26.7 81.1 71.1 18.0 37.3 84.7 44.2 44.4 20.2 38.8 82.0 74.3 15.6 35.6 98.6 84.8 95.4 81.3 69.3 18.3 74.8
36.2 56.3 89.0 3.0 40.0 91.2 22.0 46.7 60.3 43.2 7.1 78.8 59.6 48.8 8.3 78.0 11.8 55.2 19.5 91.6 73.0 27.1 34.6 58.3 53.6 52.4 76.5 98.2 37.5 46.7 39.4 69.7 24.6 58.5 94.8 50.2 54.1 61.3 33.6 44.5 65.6 38.3 55.8 93.2 59.9 46.1 88.0 67.9 30.2 82.6 98.3 3.0 39.3 10.0 12.1 83.3 17.0 84.5 62.1 66.0 36.0 30.3 41.8 94.7 93.2 93.4 79.1 15.8 17.1 29.4 73.9 11.7 41.8 58.6 90.0 75.5 17.7 35.1 90.4 45.0 54.3 9.6 37.3 61.6 21.7 74.8 89.1 43.7 38.5 40.1 74.9 81.6 34.6 46.9 57.9 59.5 95.4 93.4 25.3 82.3
59.6 31.9 79.3 47.9 72.7 96.5 25.1 80.4 34.4 52.2 10.3 75.5 54.7 88.3 29.7 96.3 25.5 45.1 58.2 61.0 89.8 67.4 86.1 62.1 65.3 66.1 83.3 11.9 3.3 65.8 16.6 53.1 84.0 21.7 99.2 94.2 37.2 38.7 39.3 48.6 33.3 87.3 96.2 13.8 94.2 30.9 43.0 26.2 14.5 81.2 39.8 40.0 54.1 1.2 18.1 60.9 89.4 55.8 52.8 76.1 64.2 6.8 1.8 77.4 35.4 47.9 89.1 71.6 27.6 1.6 28.5 49.3 44.6 51.4 18.3 38.6 7.4 40.6 26.3 70.7 14.1 91.0 9.2 27.0 92.3 81.7 88.2 66.0 39.7 84.6 5.3 62.8 49.8 43.7 11.0 13.3 38.2 39.3 75.3 87.8
45.4 89.5 87.6 35.0 44.2 48.4 92.5 98.1 10.3 71.8 44.5 36.8 45.1 19.2 16.3 18.9 73.6 88.5 41.8 17.4 79.8 2.8 6.9 38.3 33.5 63.5 28.5 3.9 5.9 42.3 35.1 59.5 74.6 5.6 32.3 87.0 37.1 44.8 97.3 50.7 92.1 98.3 8.7 52.1 75.0 0.8 11.0 9.3 56.7 81.2 80.2 28.5 72.2 6.2 73.3 85.8 23.5 67.6 38.4 56.5 89.6 51.2 74.1 18.1 25.8 93.5 87.6 7.0 86.6 38.6 73.3 80.9 34.5 95.5 46.6 60.1 29.5 58.5 14.1 53.9 3.5 83.8 29.6 38.6 97.5 84.4 83.0 80.0 85.7 59.3 5.8 57.9 83.6 48.4 27.7 15.1 66.9 56.8 33.5 66.5
62.5 98.9 69.2 10.8 93.3 72.6 45.9 98.3 56.1 60.7 95.6 65.8 7.7 66.9 99.3 79.2 45.2 57.4 27.7 40.7 52.3 2.8 82.9 7.8 37.3 89.4 11.4 43.0 10.3 70.7 46.0 53.3 18.2 48.0 65.9 73.4 60.5 9.6 24.4 74.3 20.6 17.9 49.8 79.9 34.8 93.0 35.9 36.5 48.5 93.2 4.3 26.5 94.6 43.4 86.4 0.8 42.4 81.6 19.3 76.6 12.3 99.0 94.2 60.3 25.1 12.8 8.3 59.1 40.0 98.1 90.7 37.8 31.6 28.4 6.8 75.4 11.0 43.9 9.6 91.3 80.5 0.3 90.7 25.1 32.8 3.4 94.2 26.5 58.8 17.3 14.5 84.3 72.1 77.2 51.8 78.3 58.3 55.5 78.7 59.1
43.6 59.8 6.5 20.8 51.4 1.2 46.9 32.4 46.1 30.8 3.7 8.1 77.9 46.1 36.2 81.0 84.5 61.5 90.9 97.5 45.6 22.9 90.1 58.1 18.6 48.9 9.2 83.5 0.0 68.4 28.6 43.5 92.8 75.1 57.1 12.5 41.9 0.5 9.6 5.0 39.8 84.7 89.7 94.6 21.9 26.0 60.7 32.1 2.1 14.6 33.7 93.9 22.9 52.3 65.7 39.4 0.8 25.9 18.5 14.6 17.9 76.2 63.6 2.4 60.7 94.4 76.0 53.8 56.7 29.8 43.8 21.2 22.9 94.8 76.7 72.3 67.8 14.2 41.0 81.0 42.6 21.8 72.8 10.3 50.7 35.9 75.0 72.4 9.3 88.7 61.5 47.0 97.6 79.4 98.4 46.1 41.8 93.8 54.5 33.7
95.2 59.2 10.9 57.1 82.3 77.5 40.8 3.3 84.1 79.5 80.4 96.9 65.5 81.6 31.6 17.7 49.9 15.0 34.9 11.6 20.7 92.8 12.4 28.3 4.7 43.8 24.6 24.1 79.3 16.6 45.9 18.8 67.7 8.8 36.6 76.5 76.8 80.1 37.5 81.0 95.3 98.4 52.5 27.4 78.0 65.5 65.3 84.4 45.0 8.0 34.2 41.2 88.3 38.0 36.1 63.1 94.9 58.7 75.7 58.7 38.5 59.8 55.5 63.3 44.2 62.4 78.2 15.5 86.8 65.9 46.9 83.8 0.6 13.0 42.5 5.2 4.9 64.4 61.4 48.3 96.5 59.6 48.5 70.3 83.7 42.7 90.0 12.2 17.8 54.9 40.8 88.7 32.9 51.9 87.5 57.3 74.2 54.1 48.1 48.4
73.6 48.5 26.2 26.7 13.7 11.8 1.8 59.3 52.9 22.4 81.4 32.8 90.9 19.8 65.9 79.4 37.4 45.1 88.4 46.7 48.7 27.5 15.5 2.8 45.6 2.4 81.7 63.7 28.4 25.7 12.7 47.0 46.3 34.8 55.2 22.0 70.2 16.6 55.3 40.8 95.7 99.0 17.4 55.2 93.8 48.9 17.8 4.3 80.3 75.8 71.9 85.1 15.5 86.0 68.2 92.4 11.6 16.4 43.7 89.6 76.8 70.3 65.0 24.2 62.3 92.3 9.5 63.6 42.8 25.1 1.8 74.1 5.7 38.9 62.4 73.5 46.5 38.3 12.0 52.7 48.9 47.4 51.2 13.6 62.5 70.3 44.7 74.4 70.9 17.4 67.2 15.1 88.2 50.8 70.4 82.1 76.3 3.8 52.7 66.7
32.7 35.5 12.6 21.3 44.2 43.9 86.0 79.8 66.5 35.1 7.3 42.4 57.1 41.6 87.3 72.6 74.8 45.9 9.8 85.2 77.5 93.0 76.0 32.6 68.7 13.8 51.8 88.7 18.1 38.1 2.7 22.9 2.8 99.5 66.3 70.5 18.6 5.5 41.8 28.7 63.7 4.6 16.9 69.6 27.0 2.4 85.4 52.2 86.4 76.0 41.1 95.6 15.3 23.4 85.0 54.2 59.2 95.7 23.9 98.6 22.8 52.9 11.4 92.9 33.1 33.5 62.8 66.6 88.7 74.2 5.9 33.8 73.3 42.7 84.3 61.8 94.9 39.6 82.1 61.8 41.1 81.1 66.5 81.0 31.7 39.0 36.0 79.0 51.2 51.3 42.0 24.3 89.6 36.6 91.0 9.6 89.1 1.7 15.4 57.6
94.7 69.1 96.5 92.4 36.1 99.7 52.0 24.7 53.5 50.8 54.8 18.9 18.5 38.0 32.7 27.4 65.6 56.7 39.9 95.9 19.9 18.7 96.1 6.0 3.0 83.7 1.4 14.7 24.3 27.6 85.7 32.9 42.0 89.0 38.6 46.1 30.4 3.0 11.7 42.0 10.5 62.1 26.8 5.9 59.0 83.9 0.6 53.9 46.5 79.7 63.0 20.7 17.5 27.9 15.0 85.3 84.0 99.0 47.5 79.9 71.8 27.7 75.4 57.5 68.1 58.9 86.3 11.3 30.4 20.3 44.0 21.1 99.9 89.3 52.2 41.1 22.6 23.2 82.0 77.1 95.8 86.8 17.3 44.5 52.6 23.3 39.8 60.6 33.6 0.1 13.8 6.0 71.3 86.8 82.6 83.6 91.4 29.3 50.0 84.8
66.0 20.0 2.9 43.5 79.8 30.8 56.7 84.5 89.4 68.5 14.5 34.2 26.7 37.0 57.8 54.9 29.9 57.2 23.2 41.2 5.4 61.5 94.3 43.1 29.2 46.8 15.4 98.2 66.2 34.2 68.3 77.4 88.4 76.2 60.2 43.4 16.4 90.4 53.9 74.5 15.0 15.9 96.9 87.5 45.4 15.1 10.4 31.1 82.5 9.8 47.1 64.8 90.1 55.5 65.8 48.8 89.2 56.0 75.5 86.0 92.1 3.2 62.5 19.1 93.9 10.2 97.4 56.4 41.6 11.8 23.8 53.2 78.9 72.5 78.9 3.2 27.8 19.2 76.2 10.5 27.5 63.9 16.1 68.5 47.9 7.1 6.9 95.2 72.8 37.7 18.7 15.1 74.3 60.1 11.4 78.5 2.9 82.9 22.6 59.1
92.3 74.3 33.1 60.3 48.7 99.8 4.6 71.0 99.8 71.8 16.8 12.1 46.5 72.1 53.6 67.0 5.0 26.7 65.0 27.2 5.0 87.3 30.4 7.5 6.4 97.5 63.1 75.9 33.6 91.6 26.3 7.9 30.9 48.7 5.0 84.0 95.8 63.2 92.8 32.8 36.7 5.9 3.2 34.1 68.2 28.0 55.1 31.3 98.6 37.0 14.5 92.3 80.7 15.3 93.2 56.5 50.6 24.4 71.7 9.1 7.3 8.5 51.4 28.9 91.3 81.8 52.3 11.9 77.2 86.8 62.2 8.1 62.2 26.4 94.1 23.6 60.4 16.9 10.4 6.9 63.5 24.8 89.1 20.8 2.6 59.3 96.1 41.9 95.9 65.8 89.5 52.0 37.0 2.0 92.5 28.3 91.4 98.0 78.8 52.2
79.0 20.9 97.1 48.0 55.4 82.4 69.7 56.2 43.7 74.8 93.3 53.2 93.9 94.0 22.0 2.1 32.9 72.0 74.1 55.5 33.2 83.1 55.8 90.0 4.9 82.5 35.7 19.8 2.0 25.2 65.2 75.8 17.0 29.7 56.6 21.1 59.9 2.9 38.5 14.0 73.9 16.4 44.7 52.2 97.9 98.3 58.0 21.1 92.2 62.0 26.8 75.4 86.4 24.5 70.6 71.4 59.0 7.4 39.9 89.4 22.9 20.7 91.4 92.9 45.2 8.3 48.3 13.6 66.3 63.0 92.6 70.2 1.6 18.9 20.4 12.2 6.2 52.8 37.4 83.8 13.4 21.5 61.1 20.1 58.5 5.6 8.5 77.1 6.9 17.0 14.1 71.1 49.9 1.0 69.4 91.7 46.5 14.7 62.2 25.9
20.4 88.7 82.7 2.7 80.4 47.2 1.6 91.7 69.5 3.2 19.8 58.9 48.8 51.9 49.1 44.5 41.5 33.3 0.0 9.8 19.5 48.2 21.8 5.3 14.4 86.6 30.2 93.7 28.4 49.1 18.7 86.5 90.5 86.3 41.4 15.4 62.3 19.6 79.9 70.4 58.5 88.3 75.6 37.4 71.2 38.3 39.9 82.9 63.7 3.7 66.6 41.4 54.4 73.4 96.0 18.7 53.5 15.3 72.6 17.5 2.1 79.8 29.4 9.7 65.0 49.8 44.0 52.2 3.2 75.8 69.9 79.8 15.3 44.4 78.0 96.6 81.6 25.0 26.1 94.0 59.2 6.2 15.9 55.4 73.8 53.1 17.2 18.0 69.3 65.3 81.7 44.4 32.4 85.1 13.0 55.2 5.4 40.2 87.5 78.3
89.2 86.4 95.3 80.7 11.9 25.4 94.8 96.3 89.4 36.5 42.2 80.9 99.4 25.9 20.7 77.0 73.2 85.4 70.5 74.6 60.8 27.2 14.5 1.1 61.7 55.0 8.6 86.4 8.1 57.0 47.4 77.2 56.0 74.3 69.3 13.8 69.1 57.4 78.1 81.5 15.9 66.4 59.3 71.3 0.6 39.6 25.2 63.2 45.4 1.2 99.2 76.3 67.0 96.6 42.8 33.5 69.0 65.8 66.9 60.5 42.1 65.5 21.2 95.1 23.2 53.6 66.2 30.9 73.5 57.1 32.3 63.3 0.4 21.8 86.4 14.2 70.9 72.2 25.3 58.2 19.6 37.5 90.9 98.0 87.2 48.4 40.2 5.3 68.6 57.3 7.3 3.5 83.0 36.1 74.9 46.9 42.0 38.2 44.2 83.5
5.9 57.9 49.1 49.9 68.7 37.7 88.3 15.5 23.8 21.5 44.6 48.9 72.4 77.3 67.9 48.5 21.3 57.6 76.1 84.0 53.6 82.3 98.9 59.2 13.0 57.3 71.1 52.0 3.4 59.3 31.2 1.0 14.2 98.4 18.4 14.8 25.6 90.3 66.1 87.3 88.8 43.9 36.0 2.9 27.0 4.6 88.1 4.7 54.1 10.5 87.7 14.6 17.0 35.8 10.4 37.2 28.3 34.2 37.5 9.5 48.1 18.8 88.0 18.5 51.4 24.8 2.1 99.6 13.1 15.0 53.6 54.0 98.5 43.2 36.1 18.7 97.1 66.5 53.5 86.7 33.9 55.9 15.9 9.2 62.2 43.6 99.2 92.8 37.5 71.6 79.7 18.6 44.9 85.3 57.4 8.2 80.8 18.2 64.1 60.8
48.8 62.9 30.1 98.6 1.4 67.5 38.0 31.2 50.5 91.3 33.3 69.2 60.8 80.3 63.4 67.2 6.7 6.4 96.9 10.4 46.9 27.7 10.9 45.5 36.1 50.6 10.2 55.7 15.3 62.9 22.6 72.2 53.0 68.5 68.3 91.9 57.3 78.5 98.0 96.6 57.7 34.8 40.7 36.5 93.7 60.6 91.9 53.0 94.8 82.1 26.8 99.8 9.0 43.8 82.4 31.2 40.8 65.1 37.0 39.1 9.6 43.8 37.9 94.6 71.3 63.3 64.5 8.5 75.4 90.5 63.0 22.8 91.5 18.3 28.3 20.4 33.4 95.0 32.3 59.5 19.3 84.2 74.1 33.4 20.4 16.3 83.5 75.4 15.5 76.4 18.9 91.9 11.7 19.4 51.1 31.2 54.9 61.4 71.9 28.8
18.4 92.0 87.6 2.1 49.4 2.0 36.9 79.4 31.8 66.4 55.8 80.3 71.9 61.3 23.2 81.0 97.0 44.5 47.2 46.2 0.3 54.2 27.3 19.4 56.1 30.3 86.7 84.4 81.9 94.4 12.8 94.6 70.8 12.3 10.1 0.5 36.9 15.7 45.1 70.1 48.6 15.3 66.4 30.1 41.9 25.0 58.5 72.5 5.3 57.4 12.1 16.2 97.1 60.0 88.7 66.1 5.9 36.5 23.6 66.0 29.7 50.4 57.1 13.2 3.3 82.4 19.4 87.9 36.0 22.0 39.3 21.7 12.3 42.2 89.4 7.8 70.1 65.8 4.9 35.3 77.4 69.8 41.5 14.3 63.5 79.9 22.8 51.7 78.7 58.9 87.3 45.8 82.6 55.6 92.7 74.6 57.8 30.5 28.4 10.4
1.2 99.4 38.3 32.7 37.9 22.2 26.7 78.4 5.3 60.1 15.7 39.7 82.4 37.3 79.6 69.4 62.8 70.3 1.4 15.0 54.5 25.2 42.5 94.2 13.9 13.3 36.6 52.6 19.5 28.9 72.3 22.9 92.5 1.0 15.0 74.2 50.8 54.1 66.8 22.1 67.5 6.2 80.4 79.6 90.3 50.3 86.9 88.4 26.7 47.5 16.9 31.2 74.9 17.6 71.0 75.0 10.3 64.5 9.7 2.4 44.1 46.9 60.3 79.8 59.6 61.8 97.4 38.1 85.3 72.8 13.9 8.9 29.0 76.1 4.9 19.0 78.0 29.6 62.7 98.3 54.4 59.9 67.3 37.8 1.2 78.1 18.2 76.9 96.7 53.2 97.5 25.8 60.0 19.6 69.6 9.2 39.6 32.4 98.9 32.6
74.9 27.6 88.9 85.8 40.8 32.4 18.7 39.1 91.3 70.2 11.6 71.1 83.9 3.3 69.4 23.6 40.2 84.2 38.4 76.7 63.3 49.4 0.9 0.6 53.7 12.1 85.3 47.2 68.5 94.1 26.6 83.7 18.4 50.9 13.2 35.9 90.4 5.9 20.0 1.6 0.4 27.9 8.8 7.3 19.5 48.3 84.2 15.6 14.0 71.6 80.1 45.0 13.4 76.3 59.4 5.4 22.3 43.0 93.3 98.2 35.3 43.9 19.2 33.7 28.6 91.2 97.6 34.4 35.5 25.3 85.9 36.0 58.7 73.7 37.6 12.5 77.7 34.1 79.2 44.0 62.7 22.9 91.1 10.6 16.6 74.0 90.5 84.8 43.6 94.1 99.5 56.7 78.5 28.8 57.3 43.9 71.6 35.9 34.9 42.7
19.3 59.0 26.0 12.2 26.5 12.5 31.1 59.0 87.0 35.0 86.4 31.9 2.2 63.2 30.1 31.7 7.1 23.4 99.9 97.7 97.0 96.0 90.0 36.0 44.0 64.6 15.1 48.5 73.8 12.8 62.7 13.4 81.1 82.2 65.6 52.0 47.2 81.2 54.4 71.4 8.4 60.5 66.9 98.5 83.3 76.9 28.5 72.0 31.8 57.7 32.6 57.7 11.6 65.3 68.0 18.2 7.0 58.0 77.2 11.4 60.3 30.4 37.0 8.1 79.3 85.3 35.3 7.9 69.2 81.7 94.7 76.9 14.6 85.4 46.7 61.2 70.2 39.0 78.3 16.0 9.1 18.3 81.4 78.4 25.2 34.2 6.2 71.2 46.2 87.3 34.1 86.3 82.7 38.3 24.4 14.7 70.3 61.8 3.2 72.7
10.1 33.4 72.5 48.2 16.7 18.6 30.2 89.5 55.6 56.5 12.2 72.4 25.4 1.3 91.5 12.4 52.6 14.7 36.0 18.1 42.2 22.0 24.6 52.7 45.3 28.8 76.7 32.1 56.4 97.9 93.0 1.9 54.7 7.6 37.1 33.2 27.2 33.3 60.1 54.9 56.1 81.9 3.3 70.9 7.8 3.1 26.0 67.4 23.5 16.8 46.9 35.0 14.3 75.0 74.9 49.2 39.8 12.4 21.7 4.6 75.4 64.4 46.6 96.5 35.8 80.4 30.8 32.7 74.3 36.4 33.9 24.2 35.8 4.9 26.8 49.9 5.7 87.9 4.3 53.6 96.5 65.5 99.1 28.5 71.8 58.9 54.1 82.9 92.6 71.2 11.8 53.6 21.6 82.5 69.0 12.2 25.5 44.7 40.1 86.6
75.9 84.3 15.7 17.7 95.3 15.1 39.1 93.9 93.3 0.9 71.0 42.0 7.5 50.4 56.6 70.8 64.1 46.2 3.2 11.9 89.5 56.1 15.5 40.4 30.1 67.6 18.0 45.2 1.3 16.1 27.4 45.6 37.1 63.7 12.3 51.0 80.6 53.7 25.6 82.2 77.4 89.9 12.0 18.8 86.5 82.9 52.8 46.0 62.1 49.5 10.0 86.6 72.4 4.6 99.6 95.4 52.4 61.4 62.5 28.5 35.3 71.2 61.5 56.8 36.2 15.6 75.6 5.7 41.4 68.8 16.0 31.1 74.1 13.9 6.5 77.7 37.8 41.9 30.6 10.6 49.3 91.3 65.2 64.3 7.0 20.5 3.4 54.2 10.6 56.6 85.7 11.9 34.9 0.6 8.1 0.1 56.2 92.9 14.2 74.2
3.0 32.1 82.2 26.7 48.1 98.1 84.4 84.8 93.0 9.8 79.1 86.1 16.8 76.7 2.2 20.6 9.8 64.2 34.4 9.9 76.7 3.4 36.2 22.5 63.0 18.3 43.1 79.7 68.0 51.6 57.7 90.7 87.8 5.2 37.4 94.4 58.4 19.7 99.3 42.7 2.9 42.8 16.9 0.6 64.0 65.1 87.1 25.6 51.0 21.9 55.8 28.7 82.1 40.0 83.6 96.7 36.2 45.5 20.1 77.6 9.0 18.6 29.3 4.2 46.9 44.5 67.2 69.7 24.5 38.4 13.7 42.3 49.3 82.6 24.1 78.6 70.9 5.0 85.0 44.1 35.4 31.0 1.2 53.0 30.7 44.2 42.4 85.4 98.4 44.0 1.8 11.6 60.2 65.2 24.6 19.0 82.1 11.2 82.9 27.2
86.3 98.2 30.8 91.9 10.6 90.1 50.7 76.4 66.4 20.3 78.9 97.6 46.4 75.7 38.0 49.0 64.5 70.9 42.5 76.8 32.1 39.5 11.2 70.2 77.2 27.0 27.6 75.2 78.6 76.0 44.1 99.3 37.1 9.5 28.5 18.5 46.9 77.2 55.6 99.3 27.9 62.9 79.0 97.2 24.1 85.8 64.9 49.5 17.0 82.9 90.8 49.5 6.0 27.3 86.1 79.5 78.4 10.0 9.8 3.3 57.8 78.9 27.4 64.4 4.6 32.6 29.5 86.4 59.2 56.6 74.4 0.0 35.0 73.6 98.5 0.6 14.0 45.2 31.5 50.7 37.5 27.1 45.5 37.7 30.0 48.7 29.2 49.0 76.0 28.9 36.4 59.1 29.8 88.6 18.1 87.4 94.9 48.2 67.0 1.8
42.2 3.2 11.8 63.3 10.9 78.9 71.1 65.3 91.8 88.6 1.0 51.8 81.9 16.9 13.0 6.9 34.6 59.7 46.4 3.7 70.7 81.0 61.3 17.8 25.5 48.7 73.8 59.6 18.4 3.0 12.0 53.6 45.3 24.8 80.8 86.9 87.4 99.1 50.4 33.1 89.1 57.4 17.0 3.5 80.5 49.5 80.8 58.9 54.0 38.3 42.2 25.8 16.8 4.6 66.4 3.7 93.7 36.1 73.7 42.9 95.9 2.9 79.8 99.3 6.5 35.6 15.8 48.7 59.0 64.2 82.2 11.5 48.6 20.4 58.0 11.7 87.8 70.1 92.9 40.8 18.7 41.2 46.9 70.7 9.8 3.8 82.7 38.8 34.7 46.8 54.5 4.5 80.4 29.5 7.5 37.4 42.5 28.0 6.9 96.2
51.8 24.7 9.3 20.4 87.6 75.7 81.8 91.7 26.5 98.7 22.1 22.3 7.3 64.3 32.0 91.7 41.7 72.9 43.9 53.0 22.1 17.0 78.8 35.8 75.9 38.5 95.2 74.3 40.6 24.7 8.3 57.6 97.3 36.5 81.8 93.1 14.0 47.2 88.8 35.7 37.1 87.7 97.9 13.4 0.4 23.4 89.2 75.4 47.5 62.0 4.4 4.9 27.3 35.9 23.6 2.8 30.6 92.6 84.6 86.2 70.1 62.1 60.3 21.1 69.8 80.3 19.3 4.5 92.3 67.8 77.2 42.2 50.6 81.4 27.2 16.3 78.5 64.4 84.2 28.3 84.6 84.1 14.1 39.7 60.6 78.3 61.6 66.0 31.8 37.1 92.0 87.7 50.3 15.9 49.2 98.2 33.4 19.6 90.2 77.9
37.0 50.4 98.6 91.4 52.1 76.1 28.9 4.4 52.4 61.9 53.8 30.1 44.1 4.2 40.6 48.4 86.4 83.6 36.5 28.2 93.7 97.9 76.8 70.4 0.6 21.5 0.4 38.7 11.4 22.0 84.2 62.9 52.7 57.8 12.1 58.3 64.1 54.7 93.9 11.8 42.0 87.2 15.1 60.7 92.0 14.4 61.4 73.3 84.9 38.8 5.3 15.6 99.6 77.9 59.3 29.3 43.6 86.8 43.7 67.5 31.7 25.1 1.2 58.9 30.3 22.5 35.7 80.1 65.8 2.3 78.0 72.2 92.4 3.2 86.2 61.1 44.2 77.2 82.6 33.9 88.8 63.2 9.7 11.0 62.2 33.3 77.8 75.8 86.8 32.8 71.4 32.3 87.7 13.9 98.3 81.3 53.9 4.1 49.2 88.6
16.4 4.1 21.8 76.2 89.2 30.7 61.1 64.1 28.3 18.7 47.2 89.6 58.5 30.7 67.7 35.9 1.5 57.9 43.8 76.0 32.4 12.6 22.5 98.3 44.9 83.7 48.0 15.5 83.5 63.9 96.9 57.6 19.9 15.3 4.6 40.3 92.7 21.9 26.4 63.8 49.5 15.3 96.3 34.0 90.8 83.6 8.3 5.6 49.9 73.2 0.9 46.5 39.8 25.5 68.3 0.6 50.1 76.0 38.7 17.9 38.6 56.6 13.7 10.1 88.0 15.8 91.6 83.0 1.2 90.3 2.8 35.3 17.9 14.0 73.9 73.1 39.3 65.1 12.0 53.7 70.3 82.6 25.1 47.1 47.9 7.6 19.9 21.2 85.3 52.9 20.2 84.7 45.1 6.9 28.5 60.1 79.1 99.9 67.0 49.2
37.8 15.9 55.5 19.1 66.5 2.9 9.4 81.7 50.6 61.1 62.1 90.4 38.0 41.7 97.3 92.0 4.4 45.3 81.9 2.7 62.6 19.9 21.1 8.8 14.4 0.6 50.5 35.4 34.3 88.5 40.6 39.4 5.2 32.7 18.3 6.1 68.2 72.1 29.5 77.2 27.8 3.0 12.4 39.2 69.3 63.7 72.0 10.9 43.8 20.1 37.4 85.6 18.7 21.4 2.3 25.0 29.2 98.5 31.3 85.4 4.7 32.6 56.0 79.5 21.3 50.9 56.1 23.7 87.6 61.2 51.7 14.0 33.4 0.4 25.7 46.8 92.4 69.2 48.6 53.1 30.4 26.1 25.1 82.1 7.9 19.5 52.0 14.4 96.7 70.3 94.6 26.4 12.3 25.0 65.4 48.7 84.4 56.2 55.3 61.3
14.5 52.2 5.3 67.6 53.7 26.2 5.3 15.1 47.2 43.8 74.7 90.6 33.9 46.1 6.4 99.9 25.6 45.2 47.5 46.3 55.5 40.1 56.3 74.8 39.9 28.5 33.8 45.7 73.2 83.7 57.8 63.1 64.5 23.5 28.5 31.6 18.2 72.5 19.4 30.9 4.8 4.1 54.4 52.2 13.8 44.8 22.5 3.5 16.2 61.0 25.7 17.3 45.5 8.4 51.3 85.1 38.7 80.9 80.0 47.7 64.0 48.8 4.8 45.2 44.0 20.1 25.9 14.6 87.9 61.7 37.9 66.9 97.5 40.1 79.8 89.6 37.6 80.8 83.6 71.6 1.4 27.3 70.1 31.1 25.9 2.5 20.1 84.2 32.9 52.3 10.7 47.4 18.5 97.1 63.4 57.5 90.1 69.3 1.7 40.3
75.3 16.8 78.3 81.3 60.6 63.2 5.8 73.0 98.5 58.3 40.7 63.9 67.9 0.7 34.1 89.2 70.7 28.3 49.5 74.7 7.9 68.1 49.6 46.2 92.3 57.6 23.7 18.1 79.2 98.3 81.4 17.4 48.6 65.2 56.0 61.8 38.2 26.3 62.3 45.3 97.8 78.6 56.5 53.1 52.3 56.5 49.7 71.1 3.8 48.9 56.1 6.2 82.6 85.9 37.9 11.7 25.3 78.2 88.4 34.2 57.9 37.6 98.4 84.2 22.1 66.1 65.9 37.6 65.1 63.8 63.2 61.7 73.1 54.0 3.0 2.6 71.9 46.3 26.4 73.9 3.9 51.9 40.7 9.6 15.7 43.3 74.9 20.0 84.3 56.9 11.6 99.0 32.8 47.8 13.4 47.3 18.0 34.1 44.5 20.4
43.5 38.5 59.8 6.1 82.5 71.2 95.0 90.9 93.0 59.9 41.4 33.9 87.9 5.1 69.9 18.0 10.8 0.5 7.4 26.1 51.0 94.6 58.4 37.1 23.1 76.9 40.4 7.0 24.7 91.9 87.8 74.2 43.6 95.2 36.5 36.3 28.0 7.5 40.7 51.1 63.6 82.6 79.1 61.3 53.2 42.5 52.0 64.5 10.5 32.8 33.7 60.4 80.8 84.2 13.4 97.1 73.6 25.6 50.8 90.4 43.5 90.4 2.1 34.2 24.7 22.5 25.7 57.6 67.7 32.1 42.8 0.6 6.7 74.7 52.9 51.9 16.8 97.2 4.5 65.0 11.8 21.8 92.1 18.1 6.7 85.2 58.8 97.2 37.2 61.5 7.5 37.2 54.5 79.6 48.1 59.2 10.4 68.5 0.2 5.8
27.1 25.2 76.5 50.0 99.2 57.8 53.0 78.6 56.6 77.5 74.3 78.0 25.8 60.0 0.8 94.4 24.1 40.1 1.9 78.0 48.2 35.3 81.7 28.9 61.6 22.6 69.5 45.7 47.1 92.6 42.6 62.7 10.6 71.3 83.7 45.7 1.3 79.8 72.9 49.3 8.0 91.3 67.1 53.1 26.1 10.2 76.6 0.1 46.0 3.5 20.9 40.4 34.1 12.7 79.4 80.1 35.9 47.8 19.7 92.9 12.7 80.5 57.3 2.5 44.0 67.8 71.8 47.4 22.9 1.5 39.6 94.3 88.7 69.9 47.8 42.6 33.6 89.6 71.6 87.9 24.6 83.5 68.6 7.3 68.0 42.5 45.8 97.9 25.5 17.6 36.8 92.3 8.0 48.3 89.9 73.4 63.8 63.7 55.5 99.0
36.1 58.0 27.2 28.4 56.5 20.6 42.6 97.1 36.0 47.6 34.0 41.2 52.2 32.2 39.2 54.1 49.5 90.2 73.5 64.3 62.0 49.5 77.9 72.6 59.7 86.4 73.2 8.1 31.0 97.1 26.7 38.9 23.2 74.8 21.2 85.0 35.2 39.4 89.2 92.3 27.5 10.4 27.8 50.5 23.2 47.3 46.8 83.8 20.0 18.0 7.7 83.0 83.9 56.8 84.7 99.6 57.4 67.7 56.9 81.3 85.3 47.5 39.6 17.1 96.1 38.4 11.2 73.7 91.0 90.9 11.5 66.8 60.9 41.1 42.1 72.3 43.9 53.1 32.3 9.4 79.6 5.6 12.9 27.3 89.5 54.0 12.2 8.3 11.0 48.4 38.1 58.6 15.6 67.4 48.4 54.2 97.3 32.9 35.6 67.6
0.8 69.5 8.9 53.4 60.0 4.1 31.4 24.5 32.2 24.2 66.6 36.7 26.4 91.8 50.3 4.1 57.5 40.5 8.5 75.0 68.5 37.7 17.7 26.0 63.5 39.3 98.9 71.5 48.6 93.2 10.4 61.3 86.9 89.2 13.2 28.2 73.4 20.6 8.6 74.5 6.6 79.4 66.5 23.1 10.4 99.0 25.3 45.3 44.7 24.3 81.8 68.8 61.4 59.9 63.0 27.0 37.5 43.1 24.4 15.1 46.1 53.5 26.6 94.0 85.8 19.8 20.3 6.7 17.1 57.7 88.2 14.1 22.2 78.3 39.2 55.5 55.4 32.2 51.4 73.2 69.7 87.9 35.4 69.2 2.4 15.3 41.0 6.3 92.6 34.3 37.8 74.3 19.0 46.6 5.3 59.4 98.6 36.1 15.6 31.5
21.1 0.2 86.8 23.1 17.4 75.0 74.3 80.4 79.4 0.7 28.8 0.7 1.7 6.6 92.2 79.6 82.5 78.0 97.1 72.4 95.6 87.0 60.2 44.8 7.4 41.0 47.4 46.9 97.8 83.6 4.4 88.5 45.3 30.1 3.8 92.3 4.7 12.5 59.9 62.4 22.0 46.8 92.8 29.0 99.0 35.8 5.4 71.7 31.7 89.6 73.7 77.0 41.2 45.2 45.0 52.5 99.8 54.3 86.3 2.3 33.3 41.2 7.6 21.1 46.7 48.4 74.1 51.8 55.7 68.0 8.4 71.0 47.3 86.7 77.7 60.6 12.7 37.2 73.2 81.4 81.7 50.1 37.5 74.7 67.3 34.3 84.8 32.4 20.0 1.5 88.8 9.3 88.0 77.5 27.4 16.7 86.5 95.5 46.0 81.5
50.5 25.2 20.7 49.1 93.0 65.3 76.4 27.2 64.3 7.5 41.2 40.5 30.3 30.1 4.8 58.7 90.6 56.1 45.7 32.8 79.9 95.4 32.1 83.0 72.5 59.2 89.0 0.3 83.4 68.3 66.1 71.3 86.5 20.5 31.9 41.4 36.9 75.8 10.7 6.3 65.9 32.5 67.5 46.3 94.4 5.2 60.0 50.7 71.2 15.1 15.6 21.0 12.4 77.3 51.8 18.4 36.8 1.8 12.1 91.0 44.1 45.2 93.2 40.6 27.3 55.2 36.7 61.3 85.9 77.4 83.0 10.6 44.9 70.8 36.2 98.7 56.9 97.6 34.1 32.4 48.3 37.2 45.8 15.7 16.1 13.7 77.0 67.5 2.7 51.4 92.7 20.7 58.2 77.8 22.5 72.0 27.6 40.6 51.4 68.5
77.9 14.6 92.8 89.1 62.1 44.6 16.9 35.0 28.5 13.4 48.7 85.7 1.2 90.3 35.4 17.6 99.0 96.8 34.4 89.1 84.4 80.7 21.9 13.4 98.1 20.6 86.9 45.7 55.3 61.8 90.7 21.1 60.9 8.2 62.9 88.5 45.0 10.4 44.0 80.3 27.8 86.0 27.5 66.4 79.6 98.5 79.1 84.5 76.3 60.5 95.0 5.3 91.9 92.9 8.3 2.5 41.0 85.4 1.4 7.0 26.0 28.4 38.7 61.9 26.4 66.0 32.1 98.3 47.8 94.4 39.7 97.3 14.4 4.0 8.2 82.1 73.5 35.8 95.4 89.8 7.4 55.3 74.4 74.2 6.4 9.4 85.9 61.4 22.3 80.6 65.2 67.7 1.0 88.8 34.8 59.4 34.5 99.8 1.6 99.2
18.4 64.3 3.7 90.7 1.5 25.8 29.6 1.6 69.0 76.4 81.0 74.4 84.3 99.0 71.7 54.0 36.0 69.5 99.4 82.9 72.4 95.4 37.9 64.5 22.5 60.6 4.1 52.0 41.9 61.0 47.8 66.8 24.1 80.0 27.8 91.0 28.9 28.6 17.7 58.0 89.9 71.5 14.1 84.0 21.7 73.4 71.8 72.6 49.3 67.7 63.8 90.5 65.4 67.7 28.3 23.8 28.1 80.5 46.1 93.9 48.9 47.8 19.3 22.4 13.2 13.8 82.7 77.2 4.4 3.5 62.6 39.9 99.2 88.2 29.8 8.9 84.6 36.6 67.9 7.4 88.3 15.5 62.3 82.8 74.0 79.2 5.3 89.6 88.2 88.4 10.2 84.8 6.8 78.7 56.9 52.7 75.5 43.9 4.8 59.0
2.4 10.4 22.0 43.1 75.9 1.3 80.6 33.3 32.9 66.1 3.7 63.2 32.0 27.1 80.6 53.6 94.6 35.2 54.5 56.2 41.2 45.7 17.4 83.2 55.4 31.4 66.3 78.7 8.5 81.8 98.0 30.2 79.6 45.8 7.1 48.7 44.2 74.7 13.5 57.8 5.2 83.0 43.6 67.6 70.2 42.6 70.1 33.5 60.4 61.2 23.3 43.2 55.6 18.1 19.6 55.4 99.8 21.6 79.7 62.7 56.1 3.4 48.3 32.2 6.5 12.0 86.4 78.9 98.8 7.9 2.0 21.6 38.3 33.5 16.4 64.9 98.9 14.8 67.8 28.0 13.3 24.6 0.4 27.9 55.9 84.5 43.6 99.0 99.9 63.8 35.0 47.6 54.4 43.8 9.7 54.0 32.8 73.6 11.7 18.4
63.5 84.7 50.8 31.9 75.2 35.2 99.2 59.9 56.0 71.6 8.4 71.4 15.7 63.6 65.1 17.2 63.2 88.7 21.2 31.6 30.2 52.9 38.8 19.3 23.8 52.0 74.8 13.8 5.4 71.9 2.5 1.9 31.2 70.8 32.4 82.1 76.6 71.1 94.6 87.9 73.7 87.9 59.1 79.8 69.9 72.0 7.1 65.6 98.2 11.6 82.2 78.0 48.2 12.7 85.4 8.4 86.1 79.7 35.8 21.1 37.5 85.7 35.1 62.3 41.3 33.3 38.8 94.1 15.9 1.4 96.8 75.5 74.4 25.6 64.3 11.5 46.0 51.4 69.7 7.3 2.7 40.6 75.1 71.8 8.1 55.7 17.2 82.6 88.0 82.8 86.2 2.7 91.4 19.2 96.2 70.5 78.2 11.0 21.4 4.8
89.8 27.6 51.5 58.2 44.9 51.3 38.7 13.5 22.1 65.0 41.8 82.7 39.4 28.7 87.3 94.0 21.5 24.8 10.8 10.3 98.6 54.5 76.1 69.9 46.1 90.2 90.6 36.4 13.3 90.0 82.4 5.8 73.0 48.6 32.1 70.4 23.9 86.8 60.0 2.1 10.0 32.5 64.4 22.4 75.6 76.2 67.2 16.1 87.1 96.1 12.5 49.1 75.0 25.4 20.1 31.1 39.9 8.2 30.0 76.1 16.7 60.3 90.5 53.2 25.1 34.3 98.8 53.9 32.2 47.4 66.0 57.4 60.3 59.2 63.3 83.1 3.8 34.4 92.7 58.2 55.8 4.5 60.7 11.1 95.0 5.6 58.1 59.7 69.9 85.5 4.9 95.8 74.8 88.1 26.5 96.5 46.6 38.3 16.0 98.9
62.4 33.5 74.6 62.3 54.3 87.8 99.6 0.3 2.1 72.0 39.1 69.3 76.5 25.1 14.2 65.0 85.5 24.3 48.0 40.0 66.1 83.1 43.0 59.4 21.1 0.6 61.9 29.4 4.6 56.6 49.3 12.4 14.9 80.6 87.9 12.4 38.5 14.6 61.9 79.8 61.8 79.8 42.5 35.3 38.7 46.8 0.7 4.5 90.5 22.5 37.3 34.3 43.2 75.6 54.4 22.2 35.3 89.1 58.4 27.5 86.9 8.6 18.2 79.1 88.9 55.8 29.8 90.1 29.3 78.5 34.7 30.6 37.5 61.7 45.2 56.4 74.3 42.2 7.5 78.1 30.3 42.6 33.7 25.1 70.0 41.7 21.1 27.1 91.3 50.2 13.3 52.7 56.5 67.1 28.0 88.6 27.6 10.1 80.6 97.1
68.5 67.9 67.3 34.6 20.0 26.6 42.3 19.2 28.5 40.1 73.5 56.5 24.7 57.6 78.1 16.2 77.4 27.0 97.3 27.9 40.2 27.4 60.0 61.1 41.9 44.4 48.2 35.7 1.5 61.8 42.6 48.1 0.1 78.6 90.3 34.1 59.5 87.1 3.4 16.4 14.2 96.5 38.0 73.9 3.0 2.0 15.0 83.6 36.9 31.1 1.4 61.3 28.8 5.7 27.0 57.8 26.0 47.5 80.2 60.2 55.6 41.6 64.7 70.8 11.0 91.3 20.3 0.8 23.6 51.6 83.0 76.4 23.5 56.3 89.3 22.2 48.8 78.5 68.0 98.0 78.1 70.8 75.0 70.0 32.2 86.4 12.7 81.4 77.0 33.4 92.1 33.1 33.0 40.8 38.2 61.8 2.4 32.7 43.5 21.5
67.8 19.2 37.7 59.5 37.6 94.7 33.1 37.5 83.9 41.5 93.4 88.2 24.3 95.4 43.8 3.7 26.1 72.8 32.1 13.5 68.4 81.1 42.4 80.4 11.4 8.4 53.1 26.8 94.3 16.5 39.0 79.3 62.4 17.7 99.7 47.3 68.0 3.5 57.7 49.2 34.4 4.8 21.1 51.9 42.0 12.2 8.3 55.8 18.9 71.6 82.4 6.2 44.4 25.5 53.0 51.0 72.1 54.2 43.9 17.0 47.7 10.4 20.9 65.1 53.2 69.2 36.3 64.4 94.4 71.5 4.6 2.0 8.2 2.6 81.7 37.2 86.4 14.5 26.9 88.6 59.3 90.9 86.6 77.7 14.1 75.8 56.3 74.0 54.0 5.6 90.1 38.6 35.1 82.2 73.1 10.8 21.7 1.9 56.5 50.7
75.5 48.9 26.0 5.6 14.2 30.6 97.5 43.4 16.8 95.4 95.4 69.5 22.9 20.9 19.8 99.0 25.4 73.7 23.6 81.4 54.5 95.3 9.5 41.3 59.8 62.8 97.4 6.7 30.9 38.4 45.5 29.4 88.0 19.9 22.1 74.9 93.8 19.6 42.5 56.4 86.7 82.4 45.7 34.3 55.2 62.5 59.4 61.6 42.7 63.0 3.3 49.1 88.3 97.5 69.8 61.6 25.8 0.1 57.6 65.8 14.2 39.1 62.2 72.5 38.0 56.9 79.5 7.9 97.9 94.7 71.1 62.9 17.6 73.1 48.4 46.1 42.6 43.6 62.3 72.8 24.7 90.0 74.1 41.6 49.9 84.7 90.2 52.7 87.4 27.8 45.4 89.8 84.6 22.2 49.3 1.8 90.3 49.4 24.3 60.6
4.4 15.9 62.6 25.9 58.4 37.6 85.1 18.4 9.5 74.4 50.8 6.0 22.7 52.5 11.0 5.6 85.9 22.7 68.6 15.3 9.0 32.9 65.6 14.4 17.5 72.7 90.2 80.7 88.0 73.0 33.7 38.0 67.6 82.0 89.2 61.9 60.5 74.0 62.3 43.8 7.3 14.8 83.1 46.4 23.3 30.1 98.2 77.5 59.0 16.9 65.1 60.5 18.7 83.2 61.1 39.8 6.6 50.6 57.3 69.2 12.3 82.0 28.1 33.3 90.0 95.8 37.6 20.9 82.8 64.8 36.2 21.4 97.7 54.8 45.6 2.2 0.1 22.5 83.5 36.0 70.4 17.9 31.4 34.8 55.2 53.5 82.4 47.7 16.1 63.2 42.6 14.7 47.7 40.4 75.0 64.2 75.8 52.9 36.2 13.2
26.2 0.6 44.3 42.2 86.5 30.5 35.3 30.8 21.0 10.6 87.9 63.0 66.2 70.7 98.2 25.0 69.0 27.8 99.7 50.6 53.6 81.2 19.6 99.1 42.4 96.8 12.7 76.7 83.6 31.5 65.2 58.6 4.5 45.2 45.5 97.8 24.4 24.2 41.6 4.2 9.4 69.8 53.7 9.8 77.9 99.8 46.1 17.6 73.7 71.2 40.2 73.2 99.8 3.1 93.3 57.7 51.2 49.2 1.8 41.3 13.1 50.6 39.2 18.0 63.5 64.5 70.4 25.0 58.5 7.1 49.6 81.2 9.1 79.1 35.2 86.5 18.0 32.9 0.4 22.1 74.1 51.2 16.7 93.6 94.3 52.5 35.8 58.5 22.0 61.9 80.1 26.1 46.4 43.1 2.7 71.9 33.1 33.2 32.2 77.1
14.0 47.9 1.7 14.8 57.0 26.2 16.7 52.2 34.9 60.7 48.0 44.5 54.5 14.9 19.9 61.0 6.2 5.3 27.0 90.8 25.8 31.2 3.5 98.1 44.1 12.5 66.1 54.1 54.5 10.2 55.0 45.6 20.6 52.8 73.5 62.6 67.7 60.0 56.4 30.9 50.0 50.0 54.9 83.8 8.2 24.6 90.0 2.5 56.6 12.6 2.6 47.9 92.0 88.1 30.3 56.9 94.1 98.0 6.7 80.4 13.7 65.3 91.5 91.0 81.7 61.1 16.0 37.0 32.6 18.4 89.6 72.0 74.9 64.3 39.4 18.0 74.4 10.1 12.0 34.2 79.9 83.4 80.3 65.5 26.4 6.4 69.0 40.0 31.7 13.5 29.7 64.7 9.2 65.9 45.2 59.0 92.0 93.3 41.9 93.4
81.7 50.8 18.5 63.4 76.2 77.1 83.2 40.7 13.8 41.0 73.5 20.1 52.9 55.0 29.8 61.3 19.7 7.7 76.0 85.2 44.1 55.4 59.1 77.2 59.3 12.6 18.1 46.4 26.7 51.3 83.2 96.2 66.1 2.6 31.3 7.7 47.2 20.5 56.5 30.6 98.1 38.1 66.2 49.7 89.3 46.5 70.2 30.3 83.3 72.6 88.6 32.8 32.4 53.3 56.1 92.8 22.6 89.6 20.8 63.7 96.9 99.0 90.0 2.7 18.0 35.7 59.3 98.0 27.7 73.2 41.5 63.1 19.2 81.4 34.2 44.2 24.5 11.7 7.6 56.0 11.2 34.8 45.2 35.9 11.5 16.4 95.0 11.2 81.9 42.1 62.4 55.4 42.7 34.7 85.3 20.2 17.4 7.7 29.9 56.1
44.8 47.1 8.0 61.4 65.8 44.0 8.9 37.6 21.8 98.5 52.5 79.0 51.3 92.2 47.8 8.2 14.9 97.1 11.6 26.2 34.0 16.5 99.6 63.8 54.8 61.1 92.2 82.1 34.3 38.0 94.8 92.4 61.6 21.1 27.9 25.9 53.7 20.6 81.9 30.2 32.5 94.2 59.2 60.0 90.8 62.3 2.7 37.7 37.4 3.9 12.0 83.3 68.9 29.8 25.7 95.2 16.5 87.9 38.6 89.7 83.9 86.0 51.6 9.9 39.5 47.3 48.4 6.2 27.5 60.3 9.0 76.1 18.3 24.8 37.6 45.7 70.2 33.3 22.4 34.1 94.2 61.6 14.5 12.8 89.9 5.3 77.7 38.0 86.0 51.1 29.6 83.2 50.7 18.5 34.9 11.7 97.6 90.9 55.0 95.6
6.8 13.0 65.2 12.4 29.8 26.3 20.1 66.8 86.1 95.9 74.6 85.3 68.4 59.0 5.9 29.8 84.6 29.0 41.3 74.4 85.6 87.6 18.5 45.2 38.3 61.9 66.8 81.7 33.5 57.3 22.3 77.2 67.4 33.6 63.6 11.5 55.7 41.3 16.4 27.4 19.2 82.5 87.2 88.8 1.9 9.9 15.0 54.0 65.5 42.0 20.9 49.6 55.7 9.4 73.8 40.2 93.7 86.8 61.1 19.9 16.4 5.9 64.0 88.0 92.1 55.5 63.3 55.9 38.4 35.2 81.7 25.0 64.2 84.4 34.5 90.2 80.9 50.9 29.4 53.6 16.4 83.6 59.1 85.1 43.5 13.6 31.4 64.3 23.0 89.1 35.9 35.7 51.9 58.0 37.7 66.6 2.2 36.6 94.5 9.0
25.1 8.1 25.9 34.7 16.4 50.5 1.2 27.8 94.1 72.9 70.6 56.8 43.5 66.1 57.3 50.3 34.9 50.2 43.7 50.1 49.5 48.1 15.4 99.0 72.0 41.1 27.1 61.7 71.0 58.3 20.9 16.1 80.9 93.3 10.4 54.2 92.8 86.9 48.5 68.7 70.2 39.5 47.9 46.0 29.2 62.6 35.6 20.9 80.7 62.3 35.2 72.5 37.8 40.8 76.8 39.2 86.9 92.1 62.1 6.6 43.3 76.6 46.3 44.7 25.6 33.5 7.0 67.9 54.6 15.5 47.3 37.0 83.5 47.1 49.4 1.5 95.2 26.0 77.5 85.5 23.3 33.1 44.8 33.9 93.0 48.9 86.2 7.2 58.4 41.2 90.1 51.5 41.9 82.3 53.3 94.1 91.9 66.6 53.3 37.4
61.2 29.4 20.9 84.8 16.5 79.8 60.1 55.0 98.7 40.3 37.1 74.6 44.7 92.3 42.6 76.9 21.2 20.1 54.5 17.0 23.5 39.3 32.6 0.5 22.4 42.0 30.4 89.5 58.4 7.9 84.3 74.7 33.3 51.4 53.2 81.3 57.7 89.4 53.3 82.8 58.8 76.7 85.3 82.3 3.5 9.9 57.7 31.1 41.5 64.6 65.5 66.9 16.2 80.2 52.2 59.8 52.0 7.4 33.1 31.9 39.3 41.2 12.0 1.9 81.6 43.4 10.3 90.5 42.2 75.3 75.6 7.1 46.4 69.0 31.0 55.9 14.9 77.7 7.2 41.3 22.1 63.3 22.7 60.3 68.5 4.8 42.5 28.8 35.6 20.8 2.5 41.8 11.3 82.6 3.3 25.5 42.3 99.1 3.5 15.7
69.2 4.2 48.1 73.6 11.2 15.1 73.9 98.0 73.5 11.2 94.8 93.4 80.0 90.2 12.3 38.5 11.7 22.9 6.2 16.4 15.2 52.5 61.7 52.9 53.8 51.1 39.0 36.2 84.9 59.3 84.1 64.7 8.0 51.7 12.9 11.4 9.6 9.3 29.1 95.2 25.1 73.1 76.6 68.0 58.7 53.6 45.5 40.1 0.3 49.1 65.7 12.9 80.1 86.3 42.6 34.1 98.9 46.7 93.2 50.6 54.7 27.7 38.6 23.1 23.1 59.3 70.6 31.4 31.6 48.3 55.2 67.1 2.7 34.7 38.4 29.7 70.2 12.7 47.0 0.4 67.8 89.4 42.5 41.4 3.1 33.3 64.8 24.5 52.6 74.9 55.8 77.4 78.5 92.4 6.9 92.7 71.1 17.8 11.1 36.6
27.1 98.2 25.5 27.5 91.8 38.5 26.4 34.8 53.6 13.4 29.0 83.1 11.2 98.2 39.1 85.3 29.4 80.9 44.9 0.9 56.8 94.3 99.8 10.1 33.7 60.8 92.4 11.6 57.2 76.7 51.5 77.4 48.7 96.1 78.0 68.0 27.3 30.3 69.4 95.8 57.4 61.1 33.3 87.0 18.5 13.7 79.2 59.1 58.9 48.9 34.2 18.0 72.7 97.4 27.2 28.3 12.8 68.9 43.0 93.8 28.9 71.1 99.1 18.5 36.4 64.0 50.0 93.3 59.7 69.4 7.6 40.9 71.8 19.4 89.4 7.4 91.6 23.8 60.2 97.1 28.2 92.3 61.4 12.9 39.1 3.6 77.1 47.5 38.0 25.1 74.1 53.7 26.5 70.4 5.7 97.8 61.6 39.9 65.7 23.3
42.8 29.8 54.9 7.8 17.9 6.6 77.4 75.4 3.5 22.3 31.7 58.6 30.3 27.8 0.6 70.0 94.0 87.7 73.0 72.4 12.9 89.3 49.5 49.4 18.9 44.5 28.6 16.4 68.1 45.3 71.5 26.8 67.5 50.3 57.1 33.5 23.2 76.7 2.9 95.0 98.8 13.4 51.8 63.5 76.7 1.5 42.0 41.0 63.7 42.4 51.7 94.2 55.3 30.6 19.0 65.1 99.2 97.4 94.1 30.1 85.2 60.4 86.7 92.0 34.7 34.7 6.5 84.9 69.9 6.3 80.6 43.2 36.8 66.7 43.5 82.4 58.8 89.9 34.6 11.4 0.4 36.1 71.5 36.0 4.2 72.9 40.1 21.5 55.6 59.4 26.5 21.3 25.7 46.4 34.0 22.5 85.5 89.9 2.7 60.5
74.3 43.6 71.8 12.1 49.4 30.4 57.0 96.8 52.3 60.9 35.8 23.5 99.1 79.9 20.2 7.2 74.7 92.0 62.6 12.2 8.8 43.4 81.7 93.1 8.6 60.4 96.5 79.2 5.2 23.9 53.6 21.5 86.9 89.8 4.6 55.4 19.7 98.2 56.4 78.2 49.4 97.7 17.5 26.5 41.2 99.5 17.3 96.7 41.8 38.6 9.9 70.7 37.4 15.7 58.9 43.3 91.4 95.2 36.1 5.3 55.9 75.5 36.8 6.4 80.4 83.7 39.3 60.2 85.9 85.2 76.3 41.9 76.8 58.8 73.3 37.8 34.3 86.8 61.9 32.9 66.3 8.0 98.9 49.1 46.7 23.0 4.5 91.7 79.1 25.2 96.4 36.5 50.6 13.1 55.1 1.3 92.4 38.8 85.5 1.3
25.9 74.7 86.3 51.9 42.8 89.5 82.1 48.3 37.2 84.1 30.0 97.4 58.9 83.1 37.0 65.8 33.7 61.4 33.0 38.8 5.1 90.1 67.4 65.3 2.3 83.1 0.7 70.0 58.8 0.5 61.2 27.3 91.4 41.8 65.3 94.4 86.2 9.2 50.1 73.0 32.5 64.7 94.0 78.6 62.3 27.2 7.3 5.3 15.4 5.8 34.7 88.7 9.4 98.8 50.0 15.2 3.3 29.5 86.2 37.4 49.0 3.2 87.7 30.2 3.9 68.2 3.5 33.8 24.6 27.4 2.8 47.9 76.5 71.8 13.5 81.3 66.6 67.2 74.1 89.5 72.0 85.4 26.9 2.0 19.8 87.4 97.8 21.7 58.5 45.0 78.2 19.5 28.2 55.0 13.0 20.0 68.4 16.7 54.6 12.3
35.1 45.2 89.5 78.8 17.2 31.4 30.1 84.5 94.0 51.5 64.0 86.4 48.6 85.8 4.1 76.3 38.0 71.6 74.9 93.2 35.5 17.4 76.4 10.0 59.9 94.4 50.7 71.5 76.7 53.3 89.2 73.4 50.0 94.2 59.3 78.2 97.6 45.6 70.7 80.1 53.3 63.6 12.2 23.8 59.8 42.0 54.7 13.2 70.6 75.5 34.3 6.7 42.0 8.1 78.5 93.8 39.2 82.0 5.9 57.8 91.8 99.2 26.2 68.8 17.6 29.0 33.1 91.6 32.6 4.4 10.1 6.1 78.1 20.4 92.3 2.0 28.8 50.3 55.2 82.3 19.1 71.9 77.3 33.5 69.8 58.1 54.1 47.4 91.6 29.4 24.2 49.1 80.1 16.6 21.8 88.4 95.0 11.3 15.5 89.5
38.8 63.3 38.3 34.5 8.5 86.0 35.3 92.7 43.7 84.2 56.0 54.1 87.8 72.2 42.9 65.5 38.4 45.3 86.9 39.5 29.2 42.7 34.6 87.9 40.9 31.8 9.1 31.4 24.1 51.4 50.0 86.4 63.4 92.1 66.9 90.0 76.9 97.6 26.2 70.4 48.6 26.4 38.3 82.8 31.4 25.2 81.0 55.6 66.4 95.4 78.6 57.3 17.9 96.0 78.2 6.6 24.6 6.3 63.8 69.3 70.3 90.2 94.0 4.4 31.4 2.3 76.6 22.5 28.2 81.5 76.1 2.2 4.3 72.1 93.8 67.4 5.0 43.5 27.1 52.0 55.6 63.5 12.0 26.6 34.3 8.0 27.4 53.2 59.7 97.4 43.0 70.2 12.6 25.7 94.0 54.8 61.6 70.0 8.9 64.8
14.6 76.7 7.9 75.8 72.6 22.1 42.7 75.1 91.9 72.8 65.4 72.1 76.3 44.8 24.6 98.7 63.1 23.6 72.7 83.8 46.6 31.0 89.3 16.5 23.4 83.3 29.5 72.5 5.5 52.1 6.6 14.1 22.3 83.5 39.5 75.8 14.8 59.2 87.1 69.7 95.0 23.0 96.0 36.1 77.1 52.0 22.3 79.7 93.5 23.1 39.9 95.1 86.3 57.3 21.5 37.0 94.6 56.5 99.4 30.5 67.8 21.6 88.1 59.1 71.4 15.9 42.1 87.9 3.1 73.6 90.3 90.9 82.9 61.4 87.9 2.9 28.1 88.7 43.3 40.8 9.9 33.6 4.9 18.4 26.9 82.3 9.2 97.2 83.5 3.5 10.5 64.2 71.3 19.4 4.0 69.8 76.8 75.6 93.3 72.4
90.5 22.5 41.0 62.6 8.3 49.6 88.0 14.0 25.2 35.7 48.8 40.0 97.7 2.2 36.1 36.4 50.5 33.0 84.2 21.2 36.0 60.1 76.2 93.4 60.9 47.0 29.9 97.4 97.4 38.3 30.7 79.5 85.3 99.3 65.7 4.2 9.1 70.9 17.9 51.2 59.4 60.8 65.6 30.7 23.5 32.6 20.4 60.2 78.8 27.8 0.6 38.8 18.8 34.1 43.4 45.1 89.1 90.8 18.4 81.4 34.2 67.1 38.9 80.3 97.4 28.9 35.1 99.0 38.8 43.1 98.1 53.9 80.4 46.6 31.1 23.1 57.6 6.6 9.0 46.9 96.3 17.0 91.7 16.2 68.1 57.4 7.4 15.4 92.2 25.0 62.9 64.2 22.1 73.7 67.5 44.9 69.4 25.0 99.5 64.4
37.1 45.8 8.7 45.0 27.5 46.1 2.6 86.7 95.6 39.8 89.0 15.3 70.3 43.5 76.7 14.7 50.8 84.3 83.9 90.3 78.1 30.7 39.7 46.3 81.3 45.4 51.2 47.4 12.8 13.1 87.5 25.1 60.0 96.5 8.9 56.7 46.8 47.8 54.5 80.3 78.9 55.2 51.3 62.1 2.1 14.5 94.3 62.7 17.4 45.6 83.7 69.0 9.6 95.9 62.0 24.3 35.5 52.8 94.6 72.7 82.0 77.3 0.8 67.1 78.3 48.7 58.6 66.7 30.2 8.7 15.5 3.8 81.3 30.8 98.4 24.2 89.9 16.4 97.3 55.6 38.2 26.1 77.9 47.4 60.0 77.9 71.5 46.9 1.8 96.2 76.8 48.4 95.9 97.7 12.2 54.5 6.2 24.3 81.8 71.5
9.9 82.5 95.5 3.4 6.0 63.7 12.9 52.8 52.1 70.1 88.7 4.9 4.7 21.2 44.9 34.1 70.2 4.3 52.0 82.8 39.1 18.9 44.9 22.8 89.0 41.0 85.6 86.8 93.9 12.5 58.4 48.0 55.8 55.3 74.2 78.9 20.5 16.2 6.9 36.9 31.1 94.4 71.1 11.6 33.8 88.3 16.4 82.3 76.4 46.1 48.5 63.4 72.6 67.2 8.6 73.4 52.4 22.2 3.3 16.4 33.1 59.1 98.3 69.1 61.1 98.0 68.9 65.3 3.0 63.6 28.8 9.1 5.9 88.6 64.0 37.3 98.4 16.0 15.7 66.7 58.0 23.2 20.1 81.2 40.7 2.5 75.9 8.4 74.9 38.2 27.6 58.3 81.3 93.4 63.7 38.0 59.7 54.1 37.3 75.7
49.2 1.7 93.1 80.0 25.1 73.5 56.4 14.8 1.9 38.7 18.0 65.0 14.3 25.9 65.6 31.8 79.6 29.4 88.0 83.3 76.6 17.4 89.6 48.4 48.2 18.1 74.1 51.0 76.8 26.1 50.7 9.4 98.2 97.3 92.5 99.3 37.7 2.5 1.7 85.3 91.5 39.5 49.8 57.2 94.5 77.5 24.2 26.8 43.7 9.7 1.8 26.7 45.9 19.2 91.1 22.4 37.5 36.7 44.7 24.1 60.6 41.9 59.5 73.4 33.2 75.3 97.9 86.1 81.6 55.2 60.9 26.7 24.2 27.0 35.5 51.9 5.2 72.8 89.8 18.7 34.6 56.6 6.6 6.9 84.3 2.2 69.1 13.6 90.1 5.9 69.6 10.9 59.4 74.4 52.6 38.9 49.7 43.3 73.5 30.5
6.0 93.7 38.2 22.8 6.8 97.6 34.5 42.0 77.4 24.6 89.4 59.4 45.0 58.5 99.5 91.7 84.0 50.9 87.5 91.5 0.0 91.1 69.2 55.6 65.1 10.2 58.2 53.5 70.1 59.3 38.7 87.1 39.6 16.4 92.4 61.3 3.2 99.5 17.2 3.5 62.9 60.9 3.4 72.6 80.4 72.8 6.5 42.9 1.3 75.9 66.6 17.0 73.1 17.6 78.1 51.9 17.8 71.2 4.8 3.8 39.4 25.4 37.0 85.4 86.9 65.7 16.7 85.3 61.5 52.1 65.3 11.5 84.5 72.7 57.5 79.4 29.7 23.1 25.7 63.1 83.0 51.1 29.2 81.9 1.6 64.0 57.2 61.9 86.7 76.2 93.1 90.7 40.9 90.2 97.4 86.2 89.8 51.9 57.1 90.7
44.1 84.5 58.3 53.6 98.8 12.9 46.5 96.7 85.3 95.2 1.7 58.9 43.8 15.9 62.2 53.2 3.1 51.7 40.2 39.6 81.9 70.6 67.6 99.4 54.5 57.5 7.6 15.9 28.3 83.4 73.9 84.1 91.1 43.0 17.4 98.6 74.0 28.1 47.4 89.8 17.8 49.1 90.3 93.1 37.5 12.0 2.0 36.5 31.1 50.2 73.8 13.2 67.1 90.4 2.5 59.9 29.5 6.4 50.8 75.5 25.6 25.7 93.2 27.8 71.4 36.8 69.2 17.5 48.5 36.7 97.4 91.0 7.5 10.6 51.7 55.4 54.1 81.1 14.5 20.1 59.6 84.9 93.7 67.4 66.0 80.5 89.5 55.2 97.6 86.1 86.1 56.6 24.0 62.2 98.2 86.1 33.1 98.2 42.0 17.6
16.5 51.6 65.8 58.9 73.0 97.4 34.8 49.6 12.1 44.5 57.3 42.6 9.3 41.6 39.3 64.4 77.7 94.7 62.2 82.5 2.5 26.3 23.6 86.5 31.8 33.2 4.8 20.3 93.7 92.1 94.3 46.1 94.7 89.2 89.2 41.1 72.6 70.5 40.1 42.7 75.9 35.1 40.2 96.5 85.8 63.2 48.0 24.6 25.1 49.7 50.6 78.9 65.7 12.3 87.4 61.1 5.8 20.8 22.1 53.5 47.9 77.5 90.4 64.2 31.3 66.6 91.4 53.8 10.9 24.4 65.3 6.6 64.2 65.7 10.1 17.0 29.1 37.9 88.4 66.9 79.8 49.0 46.3 53.0 72.3 59.0 62.3 95.2 43.1 49.5 85.0 64.6 35.5 53.3 23.0 4.0 70.9 50.7 34.1 54.4
69.4 26.2 15.2 79.1 28.6 4.6 23.3 50.8 80.6 22.7 84.6 96.9 2.1 75.1 91.9 54.5 82.6 34.5 5.0 53.6 66.4 11.5 73.7 11.2 94.2 35.9 89.2 19.1 26.2 11.3 41.7 94.5 12.3 98.9 4.2 66.0 55.5 28.5 9.3 71.3 90.6 35.5 2.1 21.1 49.2 78.5 34.0 45.4 66.2 48.6 5.9 80.4 62.4 77.6 89.2 21.6 18.5 62.2 23.8 78.5 22.4 30.7 32.9 57.6 41.3 2.9 80.7 59.5 83.6 33.2 17.4 34.3 95.1 69.2 60.0 49.4 13.7 4.3 8.8 50.3 7.9 70.8 38.0 43.7 40.2 76.9 86.7 29.7 94.8 6.0 45.6 55.2 30.3 72.0 90.5 27.9 52.3 10.2 52.8 69.6
95.2 93.7 35.6 68.2 6.9 34.0 0.9 29.1 33.8 63.4 8.7 5.6 82.7 18.8 37.4 68.0 20.5 64.0 1.3 56.5 21.7 26.6 24.3 92.2 5.8 31.2 20.8 5.0 40.5 0.7 2.7 89.1 45.2 88.8 76.1 67.9 94.6 43.5 60.0 84.3 86.7 84.1 5.0 53.1 96.3 9.3 26.7 90.7 57.8 81.0 0.4 75.4 77.2 30.3 40.5 58.8 10.8 17.1 54.3 77.4 72.4 32.6 68.5 85.8 11.4 12.6 57.3 21.2 78.6 57.1 94.7 40.4 42.9 10.6 86.0 25.0 85.5 9.4 95.6 3.9 23.5 98.7 20.3 82.5 69.2 50.7 54.9 93.7 20.5 95.3 17.1 83.6 26.9 89.9 22.9 77.2 29.6 51.5 70.6 93.7
89.8 79.6 93.0 10.6 6.5 51.4 59.2 35.8 23.1 90.4 31.5 24.0 0.6 51.3 81.7 94.7 69.4 3.2 71.7 83.5 0.9 60.6 98.5 93.9 95.5 16.0 3.3 89.0 70.8 63.6 29.6 36.4 57.7 30.3 56.1 15.1 18.3 36.2 50.5 52.9 51.6 19.9 26.6 95.4 19.4 73.1 22.4 43.2 28.0 63.0 58.3 28.6 16.9 44.9 93.0 62.4 83.3 83.9 58.2 83.3 42.8 97.1 59.2 65.7 14.8 18.4 87.7 96.3 78.0 8.1 83.6 1.0 77.2 35.7 13.6 19.1 46.3 50.7 67.3 72.4 51.1 44.4 18.9 36.8 0.7 66.3 86.3 26.3 63.8 27.2 18.1 62.0 32.4 22.8 87.5 64.7 25.8 56.9 78.6 32.2
99.3 50.9 35.5 32.6 15.6 45.6 1.6 47.8 36.0 9.2 71.2 95.9 16.9 25.8 92.9 78.4 91.2 20.7 86.7 51.5 82.8 67.8 23.5 79.6 79.8 91.1 58.0 73.4 65.8 57.2 90.7 1.6 63.4 67.5 94.8 18.4 94.4 29.1 72.8 0.3 19.2 28.6 28.2 75.2 52.4 84.9 20.0 41.3 70.1 35.9 72.0 79.7 66.3 94.8 81.9 69.0 30.1 16.2 63.6 3.2 98.0 70.8 16.6 18.9 43.5 52.5 59.4 22.3 68.8 88.6 75.7 39.7 27.3 38.4 25.3 10.1 13.1 36.8 72.2 75.1 24.4 64.2 81.1 58.7 56.4 11.3 87.3 95.5 33.2 14.9 64.2 67.9 24.5 31.4 10.0 61.4 63.3 40.0 12.5 45.4
68.5 39.4 53.6 87.2 99.4 2.2 86.9 5.4 5.4 94.3 56.6 34.7 4.7 46.7 95.3 64.9 63.3 39.1 24.5 41.4 13.7 71.2 52.1 7.9 28.1 71.2 32.5 76.0 17.4 32.5 32.9 84.8 37.3 86.0 83.8 30.4 58.0 63.2 66.5 51.6 7.4 21.3 31.3 86.4 72.2 61.8 78.4 57.3 61.3 47.4 34.2 44.6 25.0 78.1 2.8 51.8 65.4 47.8 39.6 51.4 50.2 15.9 43.1 69.1 39.9 16.5 74.7 3.4 52.5 72.3 96.3 27.8 24.9 67.1 32.9 58.5 44.1 66.4 56.2 18.7 57.8 65.8 15.2 22.5 5.1 49.1 62.5 53.6 69.3 87.9 21.1 9.6 1.0 48.4 81.5 22.6 55.3 5.3 97.1 85.6
61.6 57.2 31.2 21.7 62.4 17.8 23.5 49.4 73.6 20.2 66.0 12.6 33.5 86.5 63.5 32.5 35.5 35.5 61.3 52.2 16.0 11.1 80.0 41.6 16.3 72.9 61.7 5.7 34.8 87.3 82.1 62.6 16.4 11.3 97.7 78.0 58.7 93.5 76.5 83.3 59.0 8.0 31.1 23.9 73.0 81.8 18.8 90.4 83.7 73.8 75.5 68.7 32.7 26.7 60.3 43.5 95.9 68.5 93.3 53.5 13.4 31.8 26.0 17.6 5.2 62.5 6.4 52.2 33.3 22.2 17.0 68.3 15.3 93.3 62.6 12.9 21.8 29.7 40.4 42.0 36.4 53.9 27.1 43.9 37.8 48.5 3.8 65.4 5.3 56.1 43.4 51.8 64.5 81.4 98.1 28.3 56.3 92.4 21.9 78.1
11.8 5.5 42.4 94.9 98.5 27.3 60.5 62.8 64.6 88.0 21.8 18.7 40.7 96.4 4.0 11.3 32.9 49.4 66.4 99.9 66.3 2.3 81.1 25.8 11.9 49.1 17.8 87.0 13.1 33.3 74.9 75.4 63.9 89.6 36.7 84.9 59.2 84.9 11.3 83.8 42.1 57.9 93.7 50.1 23.5 67.3 89.5 29.7 10.5 52.0 67.8 42.2 66.5 90.2 99.0 27.4 4.9 35.7 65.5 42.4 19.3 93.3 43.6 83.7 93.7 56.6 18.2 78.1 91.3 15.9 69.7 36.3 23.1 97.7 62.6 2.7 23.2 68.3 85.0 82.8 70.6 35.2 45.2 78.6 79.0 59.3 24.6 99.3 45.9 47.7 69.3 70.4 70.3 88.2 31.6 92.9 56.0 37.2 99.8 90.0
23.7 0.9 47.5 3.5 34.0 91.7 82.1 36.2 91.2 42.7 55.0 36.7 64.8 11.1 69.2 8.2 7.4 33.1 10.4 17.8 62.0 19.9 73.6 82.4 78.6 59.2 42.2 0.8 32.4 65.9 28.4 56.7 75.9 99.6 98.2 62.5 90.9 33.4 32.5 59.1 58.2 7.8 3.0 83.1 35.0 90.2 89.5 17.3 69.8 65.0 52.2 65.1 80.9 12.9 95.9 75.1 72.6 74.9 94.0 91.2 16.6 34.2 93.8 96.4 37.0 43.7 55.1 49.6 80.3 20.1 59.9 35.4 19.7 70.8 70.5 98.9 37.2 15.4 9.2 69.6 3.1 74.2 64.4 62.8 4.7 55.5 93.5 91.4 84.1 24.5 36.3 19.9 42.1 0.2 67.3 60.5 89.4 26.8 67.3 47.4
5.9 92.9 99.7 27.8 32.6 44.3 52.5 15.2 26.9 85.6 46.9 87.0 5.2 34.0 9.9 36.2 86.6 58.6 95.7 27.5 46.7 85.8 62.4 44.7 30.0 26.1 5.4 15.7 20.5 28.3 43.1 92.1 4.8 22.9 90.8 20.1 70.7 11.6 86.3 84.6 66.6 24.5 2.5 12.0 44.4 12.0 60.7 59.7 95.0 51.7 29.5 81.1 93.3 55.0 27.8 1.5 72.5 12.6 86.6 47.3 94.5 30.0 96.1 2.2 27.5 99.4 67.2 32.0 72.1 66.7 86.6 52.9 88.2 54.5 81.9 73.9 21.9 22.7 36.9 60.3 85.0 77.4 97.6 74.4 48.3 26.9 78.3 49.2 52.5 52.3 35.2 43.4 69.7 19.4 81.1 0.0 93.7 34.8 35.5 4.9
50.3 89.7 37.2 79.9 14.2 92.9 7.2 27.4 67.0 48.6 85.3 6.3 51.2 32.7 24.4 43.1 53.9 62.8 65.0 76.3 6.8 40.0 76.3 89.7 46.4 12.0 59.6 75.6 32.7 64.1 12.3 22.8 30.6 8.3 93.3 18.1 84.0 78.7 20.6 66.7 55.4 49.2 76.2 25.4 57.0 10.0 99.7 60.2 44.0 83.5 17.9 42.0 39.2 71.1 81.8 16.1 38.6 53.2 9.0 45.2 32.5 40.2 14.6 58.2 91.7 87.0 18.3 23.0 82.4 79.5 23.9 1.7 83.3 59.3 96.1 74.5 42.0 28.0 50.5 71.9 82.6 34.4 61.6 20.6 25.8 37.5 94.3 57.9 48.2 80.1 23.4 53.7 37.6 81.9 11.5 34.7 75.0 7.1 24.6 66.9
19.8 16.9 93.3 90.8 3.9 34.3 33.6 67.7 79.5 43.2 83.4 86.4 86.5 35.4 50.0 2.3 24.4 96.4 19.5 73.6 6.6 93.3 47.8 48.7 68.1 3.5 75.3 88.2 81.2 60.0 82.2 91.4 43.5 68.3 91.6 42.6 36.6 6.2 7.4 8.3 81.2 46.2 90.4 48.8 76.6 73.7 85.3 41.6 12.5 49.8 97.3 96.7 36.0 78.7 93.7 92.7 89.5 34.7 47.6 65.9 71.7 36.7 22.3 15.6 97.0 82.2 19.8 80.0 76.7 39.0 23.6 51.7 48.8 71.2 65.5 51.0 94.5 66.7 41.6 73.5 28.5 81.5 2.5 57.3 79.7 33.7 47.6 95.5 68.7 19.2 2.8 39.1 58.8 43.5 40.1 99.8 81.0 91.0 85.6 26.3
61.7 59.4 89.6 57.3 88.2 29.0 21.4 10.1 62.5 34.1 50.2 31.1 99.2 93.2 36.6 1.9 81.5 58.5 22.8 97.6 71.6 2.9 92.6 31.6 66.6 15.8 90.9 80.1 43.1 22.8 27.5 37.4 26.0 8.3 12.9 9.8 65.6 1.7 44.3 3.2 82.0 69.5 77.7 32.0 43.4 22.9 26.9 6.8 21.7 41.2 43.2 91.0 5.1 44.5 25.5 47.5 66.6 4.0 99.7 79.6 1.8 57.3 39.4 58.8 18.1 88.9 29.8 86.6 64.7 34.3 87.7 45.9 67.9 6.7 7.9 31.4 68.3 9.7 85.6 48.2 19.3 13.3 11.5 94.1 43.0 15.2 49.7 5.8 31.3 94.7 65.8 4.3 96.9 20.8 67.7 1.1 91.4 7.4 91.2 20.8
69.2 12.6 34.7 26.2 85.3 74.7 72.2 76.9 36.0 63.2 55.5 63.0 71.4 66.0 72.6 74.0 62.4 89.2 67.4 37.6 2.0 25.1 34.8 84.5 17.9 74.7 31.2 2.7 73.2 97.8 1.1 96.9 36.6 66.5 64.3 6.3 97.3 59.2 78.6 81.9 3.4 2.2 79.0 78.0 90.9 82.5 25.4 5.8 81.3 42.7 86.3 80.5 65.9 50.7 69.8 70.9 14.4 21.1 25.9 26.9 91.5 84.8 34.7 10.5 67.8 1.7 3.7 53.4 12.4 81.6 3.0 58.8 77.9 39.2 90.6 82.8 20.7 58.4 33.9 98.2 82.2 60.9 18.0 87.6 45.4 16.2 90.2 28.5 99.8 34.8 11.9 28.9 23.4 11.7 9.2 53.4 27.6 18.5 81.6 58.8
64.2 47.9 27.5 44.3 45.5 37.9 7.1 82.7 48.6 36.5 23.0 37.7 4.3 57.4 51.3 17.8 55.5 33.9 33.0 25.9 36.0 93.9 16.2 37.3 8.5 67.7 13.9 61.3 98.4 93.4 60.6 65.3 31.4 18.9 66.9 51.6 92.0 51.4 37.6 91.6 95.7 74.9 35.0 64.3 43.5 81.5 47.1 76.6 65.4 57.5 87.6 98.6 35.5 8.1 3.9 78.3 9.7 89.5 73.2 89.0 24.7 67.3 71.5 10.7 83.2 74.8 50.2 10.5 74.7 58.2 34.1 7.3 55.4 62.1 77.6 4.3 11.8 76.7 19.7 61.5 98.6 89.7 24.1 91.7 22.3 65.1 6.9 62.0 18.5 53.1 47.5 43.2 17.2 40.7 70.6 28.0 81.8 48.1 97.1 5.5
26.9 18.8 39.4 50.5 50.1 76.4 30.2 32.2 98.1 5.7 37.8 86.0 11.6 61.8 58.7 26.0 32.7 28.8 93.5 37.8 67.3 34.5 63.9 70.7 83.5 82.7 8.3 56.3 10.2 6.3 28.3 91.1 33.4 26.6 19.1 11.2 92.9 15.3 78.1 18.8 70.4 42.4 5.9 91.7 35.6 87.2 57.6 72.6 12.0 43.1 6.0 25.5 66.9 82.6 1.3 92.2 1.1 82.5 59.3 42.9 20.1 42.1 70.3 93.8 83.9 20.5 89.2 37.5 47.2 58.1 17.9 46.5 1.7 61.8 0.0 16.0 2.9 24.8 73.6 65.5 53.8 46.8 68.5 82.2 27.6 90.9 26.4 48.1 67.3 89.4 17.3 97.2 77.1 70.5 80.1 53.6 50.0 59.2 56.4 72.2
2.6 21.0 6.0 32.5 92.7 16.5 4.8 74.7 81.9 3.3 23.1 27.6 41.7 87.0 4.6 56.1 87.0 40.3 37.9 56.3 55.3 4.5 75.6 44.9 48.5 71.4 75.4 77.9 89.3 40.4 9.4 97.6 5.7 95.3 81.4 87.6 52.1 33.9 68.4 6.3 25.6 35.9 15.7 10.8 38.8 9.5 47.6 13.6 57.6 45.5 75.2 42.1 62.0 78.1 43.1 63.6 49.4 96.0 60.9 77.0 12.8 88.0 34.6 1.5 59.3 39.1 51.8 30.3 48.7 60.2 3.5 93.1 93.1 89.0 12.8 44.2 45.5 82.3 65.6 56.1 53.3 1.7 33.5 42.9 49.7 1.0 34.2 47.6 13.0 46.0 35.1 51.7 89.7 63.4 75.8 94.5 73.9 50.0 2.9 97.4
94.8 7.1 95.8 72.4 23.4 14.1 83.7 82.4 52.5 63.1 69.3 83.5 90.8 20.2 91.7 85.6 60.2 65.5 46.8 20.7 41.1 55.8 52.4 48.7 42.6 39.1 55.8 48.3 52.3 42.9 56.0 18.1 62.7 87.4 17.2 85.6 41.5 69.3 43.2 56.2 25.9 8.3 10.1 78.0 58.0 1.4 16.5 52.5 16.3 14.7 24.4 14.9 68.5 1.5 49.4 82.5 77.2 13.3 89.7 77.6 9.8 2.8 87.7 56.3 34.4 88.7 46.7 24.7 17.7 41.3 13.0 91.9 68.7 51.5 62.2 25.9 50.7 9.9 4.5 24.3 88.1 62.4 12.2 33.7 26.2 32.8 73.7 32.0 57.3 71.5 33.2 52.7 53.9 92.8 91.1 12.9 69.7 36.3 75.8 49.5
75.7 13.7 60.5 36.4 47.1 66.6 95.7 27.3 2.3 8.4 40.7 52.6 87.0 52.0 12.4 23.7 65.5 82.2 28.8 93.1 17.6 47.2 13.1 76.1 0.2 91.0 32.7 67.0 66.8 40.9 75.6 31.1 38.0 32.5 82.1 23.8 63.4 20.0 80.6 37.0 9.2 73.0 70.9 88.7 66.4 85.8 98.3 41.6 38.6 54.4 81.3 89.6 92.1 71.3 41.9 34.8 77.2 48.6 7.3 15.7 11.6 75.4 8.4 72.2 62.8 4.8 81.1 23.5 60.4 61.2 87.8 11.5 89.7 26.2 26.1 26.9 86.0 11.0 70.3 67.8 12.7 74.0 81.6 29.9 71.9 8.7 32.2 88.9 54.9 63.9 83.6 49.5 37.4 8.8 27.6 69.3 18.5 75.3 68.5 72.9
58.7 47.1 97.2 93.4 78.3 67.7 51.1 77.6 2.0 38.3 22.0 2.5 0.7 38.5 91.0 42.7 38.7 74.3 52.5 63.1 93.5 70.4 28.2 53.1 52.2 10.2 74.0 84.2 12.4 47.3 6.6 53.7 89.8 2.6 50.3 17.7 38.2 36.5 99.9 27.5 34.3 41.7 70.1 1.5 92.6 70.1 75.0 37.9 44.5 34.2 49.2 14.0 2.7 44.3 7.5 53.0 17.4 34.7 9.6 33.1 16.5 13.7 21.9 67.4 0.8 80.5 59.5 5.2 33.3 84.4 75.9 17.4 12.0 43.3 24.6 5.3 46.3 58.2 12.7 24.9 80.8 31.9 79.7 67.9 0.3 49.3 77.8 99.3 79.5 99.8 30.0 52.6 61.7 47.5 18.5 19.6 48.3 88.9 95.3 91.8
42.6 78.9 20.8 57.6 27.3 12.0 26.8 73.4 3.8 87.2 1.3 32.9 25.6 47.5 51.6 50.0 2.1 2.0 24.4 46.8 17.8 31.2 92.2 75.3 1.6 74.6 38.7 61.1 19.9 65.8 56.3 72.5 55.9 65.3 38.7 78.6 75.2 7.3 73.6 39.9 50.4 41.8 43.9 64.6 60.9 85.9 83.0 55.8 21.2 56.1 75.7 39.3 90.4 1.1 89.1 32.5 22.3 7.0 94.2 71.9 6.9 31.0 23.5 81.0 94.3 12.8 35.0 82.4 58.7 72.5 59.8 47.9 52.7 96.2 40.1 85.9 45.8 26.7 35.2 84.8 96.8 84.2 65.4 93.3 77.8 82.0 89.2 22.5 8.9 97.7 18.0 7.2 15.6 0.6 29.4 72.9 3.4 56.5 21.8 22.0
94.9 14.8 80.9 87.0 64.1 19.8 41.3 86.6 62.1 63.5 93.7 4.4 44.0 71.5 88.6 89.9 72.6 14.1 49.3 84.8 7.7 57.1 32.7 52.1 45.6 86.6 45.9 90.9 40.8 45.8 83.7 65.9 15.0 35.9 52.5 80.2 95.2 36.4 7.5 9.6 98.2 4.7 65.1 52.1 18.8 95.5 54.5 2.3 80.0 93.7 15.7 50.7 3.4 63.6 35.0 56.2 20.2 89.7 21.2 20.7 50.1 90.2 67.1 71.7 49.7 54.1 16.2 4.1 7.6 74.6 8.6 76.1 96.1 73.2 80.7 70.8 51.8 83.6 41.3 91.2 75.8 72.2 41.7 44.0 39.3 79.2 19.5 56.8 37.5 9.1 10.9 24.2 23.9 39.4 10.9 92.3 88.4 47.7 96.9 71.6
73.1 74.0 3.3 32.8 5.4 58.2 40.8 96.1 38.7 40.1 3.0 70.3 39.4 93.6 56.5 24.7 1.9 69.8 91.4 89.2 20.5 92.8 19.1 84.1 96.6 13.0 19.4 20.7 94.1 1.6 43.2 93.5 76.1 95.2 92.7 94.7 88.1 38.9 57.7 17.9 87.4 85.7 93.1 63.6 99.2 5.6 68.8 90.0 10.2 91.2 36.4 79.7 38.0 90.4 77.7 37.4 66.7 37.8 36.2 10.2 79.5 18.9 52.6 92.1 65.4 75.4 91.4 95.5 19.9 75.4 17.7 15.5 58.4 8.2 51.8 20.7 22.1 90.2 8.1 51.6 87.9 31.1 22.7 28.2 20.5 94.3 85.8 48.9 11.4 12.4 66.5 24.3 14.4 68.0 28.1 6.1 35.5 92.8 87.4 15.6
24.3 89.5 22.5 96.9 77.7 79.0 95.9 57.6 46.6 95.8 87.9 91.5 17.7 7.7 77.9 94.0 91.3 81.6 20.8 14.3 98.6 82.6 7.9 59.6 16.7 60.8 6.4 2.1 55.8 93.2 7.7 84.5 54.3 18.6 50.4 34.1 79.2 50.8 81.2 6.8 50.5 21.7 35.2 15.9 63.5 23.4 14.5 15.2 9.8 7.5 77.0 34.8 43.8 92.3 47.6 14.0 63.6 68.0 29.0 32.5 1.8 31.5 5.2 79.2 6.5 88.7 50.5 85.4 86.2 94.4 53.4 48.2 97.5 14.7 11.8 86.9 16.1 45.9 64.9 49.1 12.5 78.6 82.3 69.5 39.8 72.7 99.2 82.9 83.6 79.7 6.1 52.5 8.1 23.7 90.2 35.8 35.2 10.2 70.1 77.7
67.9 8.8 64.8 74.2 12.9 11.2 5.1 60.4 60.5 7.3 31.5 80.7 15.4 71.0 34.3 6.3 51.8 70.4 55.6 34.4 97.0 92.1 4.8 30.3 99.4 25.5 70.2 37.4 24.3 7.7 81.7 12.4 14.4 75.7 20.2 50.3 51.8 5.0 24.8 80.6 0.1 56.4 16.6 71.9 92.0 5.7 73.4 94.5 61.2 43.0 85.9 35.4 34.1 26.5 55.7 34.5 7.6 18.9 63.5 74.9 52.6 94.6 97.1 26.0 13.3 1.1 89.7 38.0 59.6 61.0 98.5 6.8 85.5 25.8 2.5 75.0 76.1 11.2 25.1 73.5 38.7 93.5 85.6 59.0 79.8 21.8 15.7 6.8 74.1 0.7 17.1 13.8 7.8 96.2 19.9 58.6 41.5 34.0 64.6 76.7
59.3 44.7 51.2 94.8 1.2 3.2 53.8 37.1 88.0 88.3 31.2 32.8 85.6 23.7 97.8 10.0 13.8 0.1 61.8 30.2 54.9 38.2 0.4 62.8 35.9 19.4 38.6 39.7 67.5 2.7 30.3 45.1 93.7 50.5 13.2 2.0 66.8 82.3 54.8 43.4 55.9 70.1 61.9 71.1 74.7 9.8 73.6 3.0 63.9 94.7 28.8 7.5 39.4 88.5 29.3 13.0 33.2 87.6 48.7 21.5 17.4 54.2 52.0 11.1 12.0 7.4 79.2 26.1 87.7 76.1 35.1 83.3 99.4 8.7 89.3 99.5 65.7 64.3 87.5 25.7 73.0 93.3 14.9 50.6 36.4 28.4 99.7 29.1 19.0 91.7 23.0 71.6 38.6 68.1 28.1 73.0 67.3 13.4 69.2 84.2
67.3 54.6 62.5 87.3 39.3 22.1 64.4 91.8 20.6 14.9 88.4 72.1 91.2 69.3 16.2 84.1 43.4 92.1 32.7 51.7 77.2 37.5 87.9 88.4 87.7 17.6 78.3 12.4 9.1 65.9 71.3 63.7 5.5 27.8 95.8 82.7 46.8 27.3 30.9 91.0 27.9 65.7 89.6 71.8 27.1 11.2 62.0 96.3 50.7 29.4 89.5 97.7 29.4 26.4 49.1 79.5 53.7 82.9 41.0 38.0 90.0 98.3 10.4 41.2 13.6 94.8 41.2 60.5 0.1 39.9 18.1 2.6 19.3 95.5 27.4 22.2 7.7 35.1 40.8 53.6 16.1 33.7 64.7 33.0 63.8 60.0 91.6 75.4 24.1 92.3 75.9 62.9 88.9 74.4 27.5 54.6 52.8 13.2 7.5 57.9